2 287.066 16.2893 49.3317 3.74013 3.916 3.466 2.777 1.819 0.335 0.189 0.014 0.017 3.2 5.7 79.6 64.6 5.636 4.647 4.009 0.018 0.036 0.036 0.455718 1.627 1.232 0.45 0.689 0.958 OH/IR
4 286.601 17.6587 50.3509 4.76035 5.912 4.379 2.771 1.393 0.087 0.094 0.011 0.014 12.4 11.5 100 80 8.138 6.749 5.891 0.023 0.018 0.016 0.281503 2.247 3.12 1.533 1.608 1.378 OH/IR
19 297.294 29.8758 65.766 1.99268 4.61 3.646 1.639 0.321 0.211 0.179 0.02 0.01 5.2 6.1 55.3 110.4 7.312 5.896 5.023 0.032 0.049 0.017 0.220882 2.289 3.384 0.964 2.007 1.318 OH/IR
25 285.28 14.0871 46.5797 4.27444 5.567 3.452 1.853 0.257 0.125 0.106 0.007 0.018 8.7 10.2 165.3 61.8 10.546 8.779 7.137 0.021 0.021 0.021 0.014048 3.409 5.284 2.115 1.599 1.596 OH/IR
39 278.997 -6.88683 25.0454 0.277328 5.553 3.963 1.981 0.507 0.139 0.138 0.023 0.021 7.8 7.9 46.7 50.7 17.41 11.999 8.587 -9999 0.026 0.023 0.270899 8.823 6.606 1.59 1.982 1.474 OH/IR
40 295.436 18.5738 55.1341 -2.20327 4.77 3.912 1.925 0.651 0.183 0.243 0.019 0.01 5.9 4.5 57 103.6 8.049 6.314 5.243 0.018 0.026 0.017 0.173627 2.806 3.318 0.858 1.987 1.274 OH/IR
44 293.395 21.1037 56.4011 0.708788 6.281 4.737 2.929 1.302 0.075 0.095 0.013 0.017 14.5 11.4 85.5 64.5 15.043 11.164 8.667 0.049 0.027 0.023 0.604064 6.376 5.738 1.544 1.808 1.627 OH/IR
53 298.456 22.4274 59.8921 -2.70652 5.679 4.988 3.3 2.082 0.124 0.082 0.013 0.018 8.8 13.2 86.8 61.7 7.924 6.77 6.1 0.029 0.036 0.021 0.119855 1.824 2.8 0.691 1.688 1.218 OH/IR
88 260.72 -40.3642 347.868 -2.27825 5.039 3.814 2.259 0.692 0.127 0.128 0.018 0.015 8.6 8.5 60 70.8 10.06 8.027 6.408 0.022 0.027 0.018 0.304821 3.652 4.149 1.225 1.555 1.567 OH/IR
103 303.975 36.5014 74.347 0.774117 4.24 3.217 1.568 0.422 0.325 0.346 0.017 0.006 3.3 3.1 62.4 172.7 6.382 5.071 4.294 0.029 0.04 0.023 0.275764 2.088 2.726 1.023 1.649 1.146 OH/IR
126 264.214 -25.2739 2.08079 3.5901 4.753 3.619 1.568 0.107 0.064 0.178 0.023 0.008 16.9 6.1 46.7 144.7 9.209 7.053 5.78 0.034 0.038 0.017 0.395382 3.429 4.212 1.134 2.051 1.461 OH/IR
146 307.536 26.6937 67.9994 -7.30331 4.534 3.122 1.023 -0.524 0.25 0.328 0.044 0.018 4.3 3.3 24.7 60.7 8.461 6.582 5.127 0.021 0.016 0.018 0.529836 3.334 4.104 1.412 2.099 1.547 OH/IR
156 285.756 16.9419 49.3432 5.15503 6.087 4.979 3.165 1.568 0.084 0.069 0.013 0.015 12.9 15.8 86.8 73.6 9.12 7.746 6.797 0.018 0.018 0.016 0.228122 2.323 3.632 1.108 1.814 1.597 OH/IR
192 291.825 24.4494 58.6466 3.58189 5.72 4.618 2.307 1.002 0.136 0.111 0.009 0.016 8 9.8 119.5 69.4 8.025 6.593 5.708 0.018 0.016 0.024 0.340983 2.317 3.401 1.102 2.311 1.305 OH/IR
213 295.033 34.1219 68.5081 5.76343 5.272 4.429 2.364 0.845 0.19 0.107 0.015 0.013 5.7 10.2 70.7 85.4 7.814 6.61 5.797 0.026 0.021 0.018 0.253132 2.017 3.433 0.843 2.065 1.519 OH/IR
214 266.093 -28.9985 359.804 0.20041 6.014 4.313 3.108 1.237 0.073 0.078 0.018 0.029 14.9 14 60.9 37.8 15.862 14.619 12.345 -9999 -9999 0.119 0.506326 3.517 9.237 1.701 1.205 1.871 OH/IR
217 297.109 22.6658 59.4635 -1.5149 4.172 2.927 0.602 -0.676 0.296 0.353 0.058 0.008 3.7 3.1 18.9 140 9.09 6.825 5.489 0.023 0.029 0.021 0.677601 3.601 4.887 1.245 2.325 1.278 OH/IR
228 158.328 -63.4885 288.226 -4.63192 4.362 3.243 0.802 -0.529 0.301 0.263 0.011 0.003 3.6 4.1 99.9 321.7 9.395 7.746 6.409 0.023 0.027 0.024 1.94368 2.986 5.607 1.119 2.441 1.331 OH/IR
247 281.556 22.3364 52.4964 11.0711 6.641 5.756 4.049 2.578 0.052 0.035 0.015 0.02 20.9 31 74 54.7 7.846 6.792 6.128 0.027 0.024 0.02 0.319155 1.718 2.079 0.885 1.707 1.471 OH/IR
248 290.209 22.4564 56.1858 3.95426 5.969 4.844 3.219 1.617 0.096 0.092 0.013 0.015 11.3 11.8 86.4 73 9.795 7.84 6.659 0.02 0.02 0.02 0.133783 3.136 3.44 1.125 1.625 1.602 OH/IR
287 266.743 -29.0408 0.064414 -0.307176 6.351 4.984 3.417 1.629 0.06 0.054 0.018 0.023 18 20.2 61.1 46.9 14.878 12.626 9.42 -9999 0.055 0.027 1.19598 5.458 6.003 1.367 1.567 1.788 OH/IR
290 219.166 -72.1295 310.893 -10.9037 4.7 3.48 0.958 -0.249 0.249 0.199 0.047 0.01 4.4 5.5 23 109.5 8.322 6.961 5.677 0.034 0.036 0.027 0.336304 2.645 4.719 1.22 2.522 1.207 OH/IR
294 267.429 -15.0779 12.3963 6.31697 4.094 3.394 1.162 -0.155 0.267 0.26 0.02 0.019 4.1 4.2 55.6 57.6 8.508 6.336 5.044 0.027 0.034 0.021 0.436084 3.464 3.882 0.7 2.232 1.317 OH/IR
298 287.487 12.8823 46.4881 1.81492 6.398 5.485 3.497 1.915 0.08 0.052 0.015 0.015 13.6 21 70.9 74.8 11.816 10.042 8.75 0.022 0.021 0.018 0.227078 3.066 5.253 0.913 1.988 1.582 OH/IR
308 293.394 11.6174 48.0896 -3.87361 4.276 3.208 1.274 0.098 0.209 0.312 0.018 0.013 5.2 3.5 60.7 83.2 9.044 7.292 6.028 0.022 0.055 0.018 0.06287 3.016 4.754 1.068 1.934 1.176 OH/IR
334 298.262 20.3714 58.0308 -3.60423 5.637 4.393 2.75 1.046 0.113 0.105 0.009 0.017 9.6 10.3 114.4 62.1 10.933 9.269 7.936 0.026 0.029 0.031 0.208504 2.997 5.186 1.244 1.643 1.704 OH/IR
362 231.136 -43.0774 330.428 11.4727 3.833 2.982 1.331 0.277 0.309 0.324 0.032 0.022 3.5 3.4 34.2 49.2 6.735 5.494 4.596 0.023 0.053 0.015 0.552751 2.139 3.265 0.851 1.651 1.054 OH/IR
363 266.661 -29.1338 359.947 -0.293561 6.531 5.087 3.231 1.541 0.068 0.058 0.026 0.032 15.9 18.6 41.5 33.9 15.527 11.785 9.798 0.098 0.081 0.041 1.3189 5.729 6.567 1.444 1.856 1.69 OH/IR
374 305.786 31.1685 70.792 -3.47697 4.629 3.408 1.416 -0.059 0.278 0.315 0.014 0.013 3.9 3.4 78.6 82.3 10.867 8.509 6.749 0.025 0.027 0.018 0.304666 4.118 5.333 1.221 1.992 1.475 OH/IR
375 269.899 -21.2537 8.22221 1.18815 5.236 3.31 1.569 0.19 0.112 0.17 0.028 0.017 9.7 6.4 38.2 64.2 9.993 7.772 6.096 0.021 0.026 0.017 0.69368 3.897 4.527 1.926 1.741 1.379 OH/IR
380 286.891 14.6132 47.7612 3.12352 5.925 5.196 2.976 1.572 0.109 0.069 0.014 0.011 9.9 15.8 77.6 98.4 8.85 7.245 6.242 0.026 0.021 0.018 0.205775 2.608 3.266 0.729 2.22 1.404 OH/IR
398 295.431 19.9421 56.3217 -1.52271 4.058 3.032 0.906 -0.301 0.325 0.286 0.046 0.012 3.3 3.8 23.5 87.2 9.413 7.233 5.846 0.018 0.021 0.02 0.194908 3.567 4.94 1.026 2.126 1.207 OH/IR
412 286.268 13.762 46.7262 3.27244 5.664 4.486 2.321 0.953 0.167 0.055 0.011 0.013 6.5 19.9 99.6 84 11.526 9.37 7.724 0.018 0.021 0.023 0.355186 3.802 5.403 1.178 2.165 1.368 OH/IR
421 310.778 30.0106 72.3992 -7.62963 5.106 4.361 2.598 1.523 0.199 0.1 0.013 0.022 5.5 10.9 83.4 49.4 7.401 6.277 5.615 0.024 0.021 0.017 0.177264 1.786 3.017 0.745 1.763 1.075 OH/IR
446 318.07 22.2987 70.4741 -17.5631 6.608 6.107 4.44 2.605 0.073 0.032 0.015 0.02 14.9 33.6 74.9 53.6 8.883 7.948 7.294 0.024 0.016 0.018 0.269836 1.589 2.854 0.501 1.667 1.835 OH/IR
470 276.153 12.3214 41.0204 11.4699 4.684 3.871 2.282 1.179 0.284 0.194 0.016 0.019 3.8 5.6 68.4 57 6.601 5.772 5.176 0.021 0.018 0.017 0.098827 1.425 2.894 0.813 1.589 1.103 OH/IR
477 279.169 0.133737 31.3666 3.34473 4.575 3.217 0.998 -0.416 0.231 0.303 0.029 0.013 4.7 3.6 37.5 86.8 10.317 7.699 6.032 0.023 0.036 0.023 0.1401 4.285 5.034 1.358 2.219 1.414 OH/IR
486 266.393 -29.215 359.757 -0.1365 6.056 4.715 3.146 1.378 0.088 0.14 0.019 0.026 12.3 7.8 56.1 41.9 17.16 13.089 9.928 -9999 0.053 0.04 0.224195 7.232 6.782 1.341 1.569 1.768 OH/IR
488 279.271 -12.4717 20.2064 -2.52643 4.585 3.051 0.668 -0.665 0.267 0.33 0.046 0.011 4.1 3.3 23.8 99.1 13.305 10.156 7.803 0.05 0.027 0.023 0.33388 5.502 7.135 1.534 2.383 1.333 OH/IR
504 275.723 -13.7945 17.4329 -0.077379 5.819 4.94 3.173 1.592 0.04 0.075 0.015 0.024 27.2 14.5 73.8 45.1 9.938 7.742 6.438 0.023 0.04 0.031 0.277297 3.5 3.265 0.879 1.767 1.581 OH/IR
533 277.127 -24.269 8.74916 -6.10677 5.063 3.949 2.167 0.801 0.113 0.119 0.014 0.01 9.6 9.1 77.6 111.6 11.412 9.284 7.682 0.025 0.023 0.027 1.79899 3.73 5.515 1.114 1.782 1.366 OH/IR
535 295.263 15.572 52.4376 -3.53965 4.734 3.788 1.874 0.376 0.224 0.155 0.013 0.009 4.9 7 83.8 119.2 8.71 6.852 5.691 0.024 0.02 0.016 0.179362 3.019 3.817 0.946 1.914 1.498 OH/IR
567 245.147 -32.1603 346.265 12.6009 4.359 3.061 0.428 -0.648 0.273 0.213 0.057 0.007 4 5.1 19.1 150.9 8.284 6.792 5.69 0.027 0.024 0.017 0.774181 2.594 5.262 1.298 2.633 1.076 OH/IR
570 293.833 12.8705 49.3974 -3.64608 4.45 3.415 1.256 0.186 0.222 0.225 0.024 0.017 4.9 4.8 46.1 63.4 6.614 5.37 4.638 0.023 0.034 0.016 0.106336 1.976 3.382 1.035 2.159 1.07 OH/IR
591 298.685 36.7044 72.2447 4.47112 6.228 5.542 3.766 2.231 0.089 0.06 0.013 0.02 12.2 18 80.4 55 7.528 6.392 5.724 0.035 0.02 0.017 0.305323 1.804 1.958 0.686 1.776 1.535 OH/IR
608 260.295 -22.4663 2.47562 8.12549 4.831 3.632 1.277 -0.046 0.234 0.216 0.023 0.012 4.6 5 47.3 88.6 10.303 8.308 6.912 0.023 0.036 0.029 0.358393 3.391 5.635 1.199 2.355 1.323 OH/IR
612 290.683 25.3822 58.9848 4.93425 5.054 4.141 2.273 1.06 0.164 0.136 0.015 0.011 6.6 8 71.4 95.7 7.307 6.263 5.555 0.023 0.024 0.016 0.037984 1.752 3.282 0.913 1.868 1.213 OH/IR
618 271.623 -44.9187 348.064 -11.4882 3.703 3.04 1.346 0.24 0.256 0.301 0.017 0.016 4.2 3.6 62.9 68.2 6.349 5.133 4.369 0.032 0.029 0.026 0.402595 1.98 3.023 0.663 1.694 1.106 OH/IR
620 271.741 -20.8639 9.408 -0.11648 6.279 5.125 3.61 1.957 0.076 0.052 0.013 0.023 14.3 20.9 81.9 47.1 11.86 9.099 7.464 0.022 0.021 0.024 0.144278 4.396 3.854 1.154 1.515 1.653 OH/IR
621 282.556 2.78676 35.2743 1.54046 5.07 3.946 1.835 0.278 0.236 0.147 0.025 0.013 4.6 7.4 43.6 86 9.805 7.62 6.18 0.022 0.042 0.027 0.171688 3.625 4.345 1.124 2.111 1.557 OH/IR
643 284.497 14.2221 46.3567 5.01304 5.34 4.189 1.839 0.464 0.144 0.132 0.016 0.014 7.5 8.2 67.1 79.3 11.565 9.226 7.449 0.018 0.017 0.018 0.300774 4.116 5.61 1.151 2.35 1.375 OH/IR
683 275.87 -10.4555 20.4497 1.36136 4.669 3.09 1.473 -0.237 0.225 0.235 0.192 0.059 4.8 4.6 5.7 18.3 10.832 8.093 6.128 0.023 0.04 0.031 0.767429 4.704 4.655 1.579 1.617 1.71 OH/IR
688 266.63 -36.9302 353.258 -4.30931 4.892 3.736 1.422 0.08 0.269 0.18 0.03 0.021 4 6 35.9 50.7 10.92 8.636 6.978 0.022 0.036 0.026 0.150213 3.942 5.556 1.156 2.314 1.342 OH/IR
699 293.299 20.8584 56.1432 0.668284 5.354 3.902 1.725 0.492 0.184 0.136 0.012 0.01 5.9 8 87.8 104.2 11.656 9.245 7.34 0.021 0.02 0.026 0.221908 4.316 5.615 1.452 2.177 1.233 OH/IR
729 262.542 -50.1024 340.416 -8.7204 4.271 3.089 0.869 -0.416 0.242 0.351 0.055 0.015 4.5 3.1 19.7 72.9 7.694 5.916 4.712 0.023 0.04 0.026 0.41654 2.982 3.843 1.182 2.22 1.285 OH/IR
744 224.242 -57.689 319.097 1.1885 5.182 3.488 1.588 0.08 0.094 0.159 0.015 0.016 11.5 6.8 71.4 67.2 12.596 9.603 7.505 0.029 0.027 0.034 1.06817 5.091 5.917 1.694 1.9 1.508 OH/IR
760 274.384 -9.75051 20.3841 2.98356 5.136 3.63 1.866 0.046 0.133 0.169 0.008 0.012 8.2 6.4 143.1 91.1 15.986 12.663 10.082 0.113 0.034 0.019 0.047708 5.904 8.216 1.506 1.764 1.82 OH/IR
768 311.336 32.0449 74.3153 -6.76196 6.188 4.865 2.937 1.363 0.096 0.089 0.01 0.02 11.3 12.1 107 55 10.784 8.813 7.25 0.022 0.031 0.017 0.340826 3.534 4.313 1.323 1.928 1.574 OH/IR
783 289.979 10.0707 45.1338 -1.65427 4.688 3.354 1.51 0.123 0.14 0.258 0.024 0.014 7.7 4.2 44.4 76.8 13.713 10.702 8.489 0.036 0.025 0.023 0.981077 5.224 6.979 1.334 1.844 1.387 OH/IR
784 292.119 14.6978 50.2005 -1.30759 5.971 4.301 2.328 0.663 0.081 0.146 0.011 0.019 13.4 7.4 97.5 56.5 11.578 8.71 6.853 0.02 0.029 0.026 0.201066 4.725 4.525 1.67 1.973 1.665 OH/IR
803 272.351 -31.6576 0.203146 -5.80597 4.853 3.103 0.722 -0.358 0.151 0.304 0.051 0.013 7.2 3.6 21.3 82.4 9.032 7.538 6.244 0.03 0.04 0.023 0.193837 2.788 5.522 1.75 2.381 1.08 OH/IR
819 176.517 -62.5556 295.48 -0.633361 4.412 3.058 0.719 -0.676 0.262 0.326 0.035 0.009 4.1 3.3 30.9 122.4 10.979 8.292 6.299 0.022 0.046 0.024 0.202183 4.68 5.58 1.354 2.339 1.395 OH/IR
829 39.5521 56.5902 137.276 -3.27845 7.177 7.293 6.933 6.453 0.036 0.02 0.017 0.058 29.9 55.1 65.3 18.6 8.806 7.709 7.374 0.024 0.017 0.031 0.305202 1.432 0.441 -0.116 0.36 0.48 AGB*
831 305.777 10.0937 52.9734 -15.1468 7.506 7.279 4.841 3.758 0.027 0.02 0.013 0.023 40.2 54.5 81 46.6 9.013 8.128 7.831 0.023 0.047 0.026 0.058358 1.182 2.99 0.227 2.438 1.083 AGB*
833 217.766 -60.1732 315.023 0.338795 8.857 8.591 7.68 6.279 0.024 0.02 0.03 0.085 44.6 54.2 36.3 12.8 14.67 11.467 9.832 0.046 0.028 0.025 0.474123 4.838 2.152 0.266 0.911 1.401 AGB*
834 161.654 71.6088 135.698 42.2883 7.786 7.879 7.556 7.278 0.028 0.02 0.017 0.101 39.2 55.6 65.5 10.7 9.12 8.218 7.878 0.029 0.033 0.026 0.18762 1.242 0.322 -0.093 0.323 0.278 AGB*
839 31.8369 64.032 131.125 2.37453 6.498 6.409 4.969 3.98 0.06 0.025 0.015 0.025 18.1 44.3 70.2 42.8 8.309 7.132 6.733 0.024 0.042 0.017 0.216804 1.576 1.764 0.089 1.44 0.989 AGB*
843 267.08 3.06145 28.3926 15.4282 6.021 5.76 5.236 4.682 0.133 0.058 0.013 0.028 8.2 18.8 81.2 39.1 7.61 6.625 6.144 0.029 0.033 0.027 0.280961 1.466 0.908 0.261 0.524 0.554 AGB*
845 82.2025 -69.8003 280.424 -32.4353 10.065 8.469 6.118 5.129 0.023 0.019 0.014 0.025 47.5 56.2 77.3 43.4 15.839 14.573 12.482 -9999 0.065 0.032 0.255868 3.357 6.364 1.596 2.351 0.989 AGB*
846 281.129 -30.6194 4.52905 -12.0706 8.105 7.162 5.527 4.762 0.025 0.02 0.014 0.028 44.3 53.7 75.7 38.2 13.236 11.183 9.612 0.024 0.022 0.021 0.162892 3.624 4.085 0.943 1.635 0.765 AGB*
847 268.293 -5.16549 21.5331 10.4785 6.79 6.554 5.633 4.873 0.073 0.023 0.016 0.034 14.8 47.2 68.5 32 8.592 7.535 7.079 0.021 0.046 0.018 0.088235 1.513 1.446 0.236 0.921 0.76 AGB*
848 79.9258 -66.4557 276.649 -33.8178 9.606 8.052 6.124 5.166 0.023 0.02 0.014 0.024 47.1 53.9 75.6 44.4 17.084 14.813 12.325 -9999 0.091 0.029 0.221632 4.759 6.201 1.554 1.928 0.958 AGB*
851 357.74 48.7812 112.777 -12.8943 6.88 6.81 6.462 6.269 0.061 0.022 0.015 0.048 17.7 49.5 73.7 22.9 8.592 7.475 6.993 0.023 0.026 0.016 0.206474 1.599 0.531 0.07 0.348 0.193 AGB*
855 290.186 -20.5784 17.3818 -15.4573 8.566 8.171 7.196 6.504 0.022 0.019 0.016 0.063 48.8 57.1 67.8 17.2 10.294 9.443 9.011 0.023 0.022 0.023 0.221651 1.283 1.815 0.395 0.975 0.692 AGB*
856 298.809 -9.8862 31.1562 -18.6155 7.325 7.375 6.768 6.095 0.029 0.02 0.017 0.051 37.7 55 65.6 21.4 8.809 7.884 7.535 0.02 0.036 0.023 0.1027 1.274 0.767 -0.05 0.607 0.673 AGB*
857 316.237 57.759 96.2534 7.15019 6.119 5.918 5.303 4.478 0.107 0.045 0.014 0.025 10.2 24.3 77.1 43 7.705 6.615 6.166 0.037 0.046 0.017 0.36647 1.539 0.863 0.201 0.615 0.825 AGB*
858 304.294 23.5622 63.7258 -6.65176 5.321 5.028 4.125 3.08 0.137 0.087 0.014 0.023 8 12.5 77.7 47.9 7.17 6.014 5.473 0.021 0.02 0.017 0.270002 1.697 1.348 0.293 0.903 1.045 AGB*
859 75.1344 -72.1506 283.8 -34.1213 9.814 8.297 6.206 5.313 0.023 0.021 0.016 0.026 48.2 52.3 69.9 41.8 18.435 14.78 12.587 -9999 0.076 0.03 0.164788 5.848 6.381 1.517 2.091 0.893 AGB*
863 347.356 61.8829 111.221 1.35306 6.493 6.128 5.618 5.05 0.076 0.033 0.018 0.043 14.4 32.6 59 25.2 9.91 8.062 7.137 0.019 0.024 0.023 0.077555 2.773 1.519 0.365 0.51 0.568 AGB*
865 82.6197 -9.47228 212.367 -22.2553 7.296 7.142 4.565 3.348 0.036 0.021 0.014 0.024 30.4 51.9 76.5 46.1 10.655 8.784 7.819 0.024 0.024 0.023 0.119891 2.836 3.254 0.154 2.577 1.217 AGB*
869 77.249 -69.1987 280.136 -34.255 10.016 9.003 7.954 7.48 0.022 0.02 0.017 0.089 49.1 53.2 62.1 12.3 14.714 12.873 11.443 0.036 0.028 0.023 0.219221 3.271 3.489 1.013 1.049 0.474 AGB*
879 356.068 66.2591 116.234 4.26473 5.768 5.505 4.804 3.874 0.126 0.047 0.015 0.021 8.6 23.2 73.4 51.1 7.786 6.569 6.028 0.023 0.027 0.024 0.340593 1.758 1.224 0.263 0.701 0.93 AGB*
881 266.238 -29.2569 359.65 -0.042463 6.963 5.5 4.535 2.218 0.068 0.064 0.067 0.165 16 17 16.2 6.6 17.26 12.434 9.453 -9999 0.037 0.026 0.187573 7.807 4.918 1.463 0.965 2.317 AGB*
883 82.9116 -70.1208 280.753 -32.1446 9.745 9.012 8.169 7.908 0.022 0.02 0.019 0.12 48.7 55.3 57.6 9 12.969 11.55 10.409 0.039 0.036 0.025 0.184821 2.56 2.24 0.733 0.843 0.261 AGB*
884 218.293 -60.6971 315.066 -0.244532 9.268 8.98 7.581 7.094 0.024 0.021 0.035 0.155 46.2 51.6 31.2 7 15.76 12.106 10.389 0.08 0.032 0.027 0.420501 5.371 2.808 0.288 1.399 0.487 AGB*
886 218.045 -60.4744 315.038 0.00768 8.311 7.966 7.317 6.309 0.023 0.02 0.033 0.127 47.1 53 32.6 8.5 14.752 11.075 9.292 0.049 0.028 0.026 0.070361 5.46 1.975 0.345 0.649 1.008 AGB*
888 280.558 27.0797 56.5408 13.851 8.272 8.347 8.014 7.801 0.023 0.02 0.019 0.173 47.4 54.3 55.9 6.3 9.621 8.618 8.358 0.023 0.029 0.023 0.210683 1.263 0.344 -0.075 0.333 0.213 AGB*
890 283.21 -29.9422 5.91663 -13.4328 8.994 8.972 8.106 7.712 0.022 0.02 0.022 0.194 48.6 55.3 49.9 5.6 11.132 9.983 9.445 0.022 0.024 0.023 0.210558 1.687 1.339 0.022 0.866 0.394 AGB*
894 82.0338 -65.589 275.476 -33.0921 9.785 8.412 6.07 5.304 0.022 0.02 0.014 0.027 48.8 54.8 75.7 39.8 14.045 12.12 10.383 0.03 0.031 0.019 0.287319 3.662 4.313 1.373 2.342 0.766 AGB*
895 84.9867 -70.5374 281.124 -31.395 10.529 8.966 6.634 5.737 0.023 0.02 0.017 0.038 47.5 54.8 63.3 28.6 16.192 15.313 13.116 -9999 0.115 0.034 0.233396 3.076 6.482 1.563 2.332 0.897 AGB*
896 124.704 48.2102 171.263 34.1019 8.597 8.611 8.258 7.876 0.024 0.021 0.022 0.232 45.5 52.9 49.9 4.7 9.912 8.994 8.701 0.022 0.028 0.022 0.077907 1.211 0.443 -0.014 0.353 0.382 AGB*
898 27.9903 61.5392 130.078 -0.489875 5.699 5.414 4.695 3.81 0.106 0.06 0.015 0.022 10.3 18 71 48.8 7.541 6.331 5.859 0.02 0.016 0.029 0.470959 1.682 1.164 0.285 0.719 0.885 AGB*
899 277.268 -51.0807 343.889 -17.4752 7.603 7.135 6.426 5.882 0.028 0.021 0.015 0.045 38.5 51.5 71.5 24.1 9.558 8.695 8.14 0.024 0.049 0.027 0.244163 1.418 1.714 0.468 0.709 0.544 AGB*
902 82.1081 12.507 191.931 -12.0698 5.853 5.496 5.05 4.305 0.123 0.05 0.015 0.027 8.8 21.5 72.3 40.4 7.909 6.533 5.945 0.034 0.017 0.017 0.368755 1.964 0.895 0.357 0.446 0.745 AGB*
904 60.7692 61.9355 143.526 6.99075 7.339 7.238 6.672 6.182 0.035 0.021 0.016 0.055 30.6 52.2 66.3 19.8 8.943 7.897 7.446 0.034 0.034 0.021 0.420053 1.497 0.774 0.101 0.566 0.49 AGB*
907 275.498 9.41057 38.0643 10.7814 6.742 6.598 6.002 5.309 0.065 0.021 0.015 0.032 16.6 51.5 73.7 34.1 8.21 7.317 6.968 0.023 0.042 0.016 0.175234 1.242 0.966 0.144 0.596 0.693 AGB*
908 74.8931 37.2591 167.687 -3.217 5.698 5.44 5.086 4.605 0.152 0.059 0.014 0.033 7.2 18.5 75.4 33.3 7.758 6.479 5.914 0.021 0.017 0.02 0.118372 1.844 0.828 0.258 0.354 0.481 AGB*
910 295.031 -12.2188 27.2888 -16.2543 6.884 6.981 6.56 5.912 0.045 0.02 0.016 0.047 24.3 54.1 66.1 23 8.382 7.429 7.029 0.019 0.024 0.021 0.163599 1.353 0.469 -0.097 0.421 0.648 AGB*
922 269.723 -57.8289 335.605 -16.1574 7.6 7.255 6.722 6.132 0.027 0.02 0.015 0.056 39.7 54.4 70.8 19.3 9.552 8.739 8.262 0.023 0.026 0.024 0.109954 1.29 1.54 0.345 0.533 0.59 AGB*
924 245.981 -23.7029 353.22 17.8025 6.076 5.884 5.316 4.331 0.104 0.044 0.016 0.025 10.4 24.8 66.8 43 8.612 7.083 6.364 0.023 0.031 0.02 0.207653 2.248 1.048 0.192 0.568 0.985 AGB*
926 87.9044 -68.3818 278.514 -30.5656 9.338 8.414 7.059 6.805 0.022 0.019 0.016 0.051 48.7 56.2 68.1 21.2 14.432 12.448 10.908 0.03 0.028 0.025 0.064316 3.524 3.849 0.924 1.355 0.254 AGB*
934 280.431 -33.1213 1.94685 -12.5666 6.712 5.735 4.912 4.308 0.052 0.033 0.015 0.027 20.9 32.5 72.2 39.9 11.577 9.971 8.575 0.021 0.023 0.021 0.223754 3.002 3.663 0.977 0.823 0.604 AGB*
936 224.51 -78.8368 309.047 -17.4984 7.174 6.846 6.051 5.378 0.04 0.021 0.015 0.032 27.2 52.9 73.6 33.5 9.072 8.263 7.73 0.021 0.031 0.023 0.289869 1.342 1.679 0.328 0.795 0.673 AGB*
938 300.139 53.9161 87.7921 12.2873 7.97 8.04 7.703 7.487 0.023 0.02 0.017 0.088 46.5 55.6 62.8 12.3 9.442 8.49 8.148 0.026 0.038 0.024 0.160004 1.294 0.445 -0.07 0.337 0.216 AGB*
939 263.827 -6.13719 18.4367 13.8757 6.928 6.665 5.825 4.944 0.048 0.022 0.016 0.037 22.5 49.5 69.4 29.6 8.607 7.568 7.112 0.034 0.029 0.024 0.279289 1.495 1.287 0.263 0.84 0.881 AGB*
940 317.246 56.2266 95.4765 5.71692 4.985 4.736 4.121 3.202 0.235 0.098 0.015 0.019 4.6 11.1 73.4 57.9 7.14 5.894 5.325 0.085 0.038 0.017 0.250487 1.815 1.204 0.249 0.615 0.919 AGB*
941 103.476 -18.3386 229.627 -7.72274 6.734 6.789 6.423 6.223 0.072 0.022 0.015 0.045 15.2 49.3 70.6 24 8.285 7.259 6.851 0.027 0.033 0.026 0.204727 1.434 0.428 -0.055 0.366 0.2 AGB*
942 62.5992 51.1237 151.55 -0.344376 6.475 6.224 5.861 5.513 0.078 0.025 0.016 0.091 13.9 42.7 68.8 11.9 9.36 7.767 6.987 0.021 0.026 0.023 0.072933 2.373 1.126 0.251 0.363 0.348 AGB*
943 17.8922 60.2064 125.433 -2.56747 6.864 6.938 6.611 6.188 0.045 0.021 0.016 0.056 24.2 50.7 66.1 19.4 8.624 7.526 7.092 0.018 0.029 0.016 0.437286 1.532 0.481 -0.074 0.327 0.423 AGB*
944 87.6638 -67.5307 277.532 -30.6987 9.515 8.274 6.676 5.771 0.023 0.02 0.016 0.032 48 53 69.7 34.1 15.956 13.558 11.52 0.084 0.035 0.021 0.202853 4.436 4.844 1.241 1.598 0.905 AGB*
946 283.421 -29.573 6.33995 -13.4515 8.321 7.535 6.608 6.233 0.022 0.02 0.016 0.056 48.8 54.3 68.3 19.3 13.258 11.599 10.182 0.029 0.032 0.025 0.110024 3.076 3.574 0.786 0.927 0.375 AGB*
949 47.3739 52.712 143.078 -4.67411 7.108 6.995 6.467 5.997 0.046 0.02 0.015 0.046 23.4 54.2 72.4 23.4 8.913 7.839 7.394 0.018 0.017 0.027 0.108181 1.519 0.927 0.113 0.528 0.47 AGB*
952 289.769 32.213 64.7347 8.77113 7.263 7.09 5.622 4.667 0.035 0.019 0.015 0.028 31.4 57.1 74.2 39.1 8.877 7.98 7.666 0.019 0.02 0.016 0.025778 1.211 2.044 0.173 1.468 0.955 AGB*
962 71.6137 37.5529 165.81 -5.05246 8.87 8.621 7.962 7.325 0.022 0.019 0.021 0.136 48.6 57.7 51.6 8 10.907 9.959 9.422 0.018 0.018 0.02 0.114103 1.485 1.46 0.249 0.659 0.637 AGB*
963 218.412 -60.8072 315.077 -0.368511 6.588 5.886 5.114 4.236 0.057 0.038 0.023 0.035 19.1 28.3 47.2 31.2 11.958 9.097 7.53 0.045 0.031 0.034 0.118337 4.428 2.416 0.702 0.772 0.878 AGB*
965 339.383 62.7612 108.276 3.76399 5.199 5.047 4.166 3.067 0.173 0.067 0.014 0.017 6.3 16.2 79.2 63.3 7.161 5.891 5.364 0.021 0.042 0.017 0.253963 1.797 1.198 0.152 0.881 1.099 AGB*
971 264.091 -12.6196 12.8597 10.3589 6.094 5.869 5.279 4.482 0.105 0.042 0.015 0.031 10.3 26 73.9 35.2 7.766 6.669 6.212 0.023 0.036 0.018 0.251216 1.554 0.933 0.225 0.59 0.797 AGB*
975 82.9236 -65.5914 275.43 -32.7265 9.669 8.514 6.775 6.303 0.022 0.02 0.015 0.039 48.7 54.8 71.3 28.1 15.083 12.988 11.333 0.046 0.03 0.021 0.165273 3.75 4.558 1.155 1.739 0.472 AGB*
977 312.541 31.6683 74.6582 -7.79844 6.125 5.96 5.429 4.938 0.099 0.04 0.016 0.03 11 27.3 69 36 7.591 6.669 6.283 0.021 0.017 0.023 0.020621 1.308 0.854 0.165 0.531 0.491 AGB*
978 286.478 22.8179 54.9321 7.18399 7.445 7.249 6.575 5.832 0.032 0.02 0.016 0.04 33.6 55.5 69.9 26.9 8.905 7.88 7.457 0.037 0.04 0.023 0.224086 1.448 0.882 0.196 0.674 0.743 AGB*
979 284.526 25.1484 56.2605 9.80816 6.922 6.783 6.14 5.483 0.058 0.02 0.015 0.035 18.6 55 70.6 31 8.38 7.422 6.993 0.02 0.016 0.017 0.323584 1.387 0.853 0.139 0.643 0.657 AGB*
981 77.5507 -65.326 275.51 -34.9721 9.166 8.167 6.44 5.673 0.022 0.02 0.015 0.028 48.3 55.1 71.7 38.7 15.806 13.414 11.674 0.082 -9999 -9999 0.117087 4.132 5.234 0.999 1.727 0.767 AGB*
984 72.8391 -66.1591 277.066 -36.6589 9.336 7.987 6.108 5.22 0.023 0.02 0.015 0.028 47.8 53.6 74.6 38.9 14.828 12.772 11.077 0.05 0.028 0.023 0.295485 3.751 4.969 1.349 1.879 0.888 AGB*
993 280.23 19.0452 48.9251 10.8003 7.17 7.239 6.406 5.533 0.04 0.02 0.015 0.04 27.1 54.4 74.6 26.9 8.667 7.661 7.35 0.03 0.053 0.021 0.171083 1.317 0.944 -0.069 0.833 0.873 AGB*
995 303.321 23.3723 63.0739 -6.00985 4.977 4.669 3.559 2.537 0.212 0.11 0.015 0.017 5.1 9.8 72.3 65.7 6.729 5.625 5.179 0.02 0.051 0.021 0.30283 1.55 1.62 0.308 1.11 1.022 AGB*
1002 359.666 70.9134 118.604 8.48644 7.546 7.527 6.93 6.32 0.033 0.02 0.015 0.054 32.5 55.1 73.5 20.2 9.114 8.025 7.632 0.027 0.038 0.027 0.140289 1.482 0.702 0.019 0.597 0.61 AGB*
1004 284.767 8.31424 41.2 2.09924 6.642 6.6 5.989 5.217 0.058 0.02 0.016 0.033 18.6 53.1 68.5 32.9 9.554 7.929 7.169 0.024 0.049 0.016 0.344902 2.385 1.18 0.042 0.611 0.772 AGB*
1006 302.664 -0.94485 41.3846 -18.0002 6.768 6.637 5.963 5.192 0.073 0.023 0.016 0.033 15 47.3 68.6 33.1 8.22 7.339 6.929 0.02 0.031 0.018 0.311765 1.291 0.966 0.131 0.674 0.771 AGB*
1007 313.654 55.4642 93.5666 6.73727 5.998 5.824 5.243 4.617 0.116 0.047 0.014 0.028 9.3 23.2 78.7 38.7 8.068 6.863 6.281 0.03 0.047 0.027 0.049324 1.787 1.038 0.174 0.581 0.626 AGB*
1008 273.672 22.4669 49.5824 17.7927 8.35 8.43 8.018 7.656 0.023 0.02 0.019 0.15 47 53.2 56.2 7.2 9.678 8.744 8.491 0.027 0.033 0.022 0.112875 1.187 0.473 -0.08 0.412 0.362 AGB*
1013 290.56 18.5401 52.8751 1.8296 6.105 5.731 5.06 4.407 0.103 0.048 0.015 0.025 10.5 22.6 73.6 43.3 8.746 7.269 6.616 0.026 0.063 0.017 0.15859 2.13 1.556 0.374 0.671 0.653 AGB*
1014 19.5133 63.9293 125.851 1.20864 5.73 5.317 4.537 3.78 0.131 0.052 0.014 0.022 8.3 20.8 76.4 49.6 8.37 6.989 6.251 0.021 0.021 0.018 0.192619 2.119 1.714 0.413 0.78 0.757 AGB*
1016 264.238 -3.98286 20.5773 14.5856 6.731 6.834 5.715 4.563 0.063 0.02 0.015 0.028 17.3 53.2 71.3 38.6 8.428 7.367 6.929 0.026 0.046 0.029 0.207484 1.499 1.214 -0.103 1.119 1.152 AGB*
1020 297.331 10.2592 48.7889 -7.91119 6.719 6.725 6.178 5.583 0.065 0.02 0.015 0.041 16.7 54.7 73.9 26.6 8.227 7.218 6.867 0.023 0.018 0.018 0.219765 1.36 0.689 -0.006 0.547 0.595 AGB*
1021 289.217 19.8585 53.4495 3.56664 5.434 5.139 3.798 2.574 0.184 0.061 0.015 0.022 5.9 17.9 70.8 48.6 7.395 6.189 5.688 0.021 0.021 0.017 0.142609 1.707 1.89 0.295 1.341 1.224 AGB*
1022 81.567 -66.1164 276.13 -33.2153 7.878 7.662 5.602 4.083 0.025 0.02 0.015 0.022 44.2 55.2 70.2 48.8 9.187 8.375 8.027 0.023 0.031 0.027 0.133047 1.16 2.425 0.216 2.06 1.519 AGB*
1024 284.847 8.17351 41.1109 1.96436 5.373 5.092 4.194 3.168 0.158 0.078 0.015 0.021 6.9 14 73 52.5 8.227 6.607 5.824 0.021 0.038 0.02 0.052701 2.403 1.63 0.281 0.898 1.026 AGB*
1027 75.408 -71.3534 282.849 -34.2792 8.893 7.742 5.751 5.353 0.023 0.02 0.015 0.027 47.3 53.4 71.8 40.4 15.871 13.405 11.285 0.1 0.031 0.025 0.170492 4.586 5.534 1.151 1.991 0.398 AGB*
1032 28.5626 70.4041 128.194 8.1768 6.89 6.834 6.235 5.551 0.048 0.021 0.014 0.039 22.5 52.7 75.2 27.6 8.74 7.581 7.041 0.034 0.033 0.021 0.328922 1.699 0.806 0.056 0.599 0.684 AGB*
1034 299.503 -2.69893 38.218 -16.0273 6.58 6.468 5.799 5.029 0.077 0.023 0.015 0.035 14.1 46.6 74.1 31.3 8.184 7.127 6.708 0.024 0.036 0.02 0.153717 1.476 0.909 0.112 0.669 0.77 AGB*
1035 282.478 22.1961 52.736 10.2383 7.877 7.798 7.165 6.5 0.024 0.019 0.016 0.052 45.3 56.6 67.4 20.8 9.381 8.435 8.096 0.022 0.018 0.018 0.184051 1.285 0.931 0.079 0.633 0.665 AGB*
1037 245.894 -23.1463 353.602 18.2317 6.63 6.539 5.764 4.902 0.072 0.025 0.016 0.037 15 42.8 68.8 29.3 8.709 7.413 6.913 0.035 0.042 0.034 0.111679 1.796 1.149 0.091 0.775 0.862 AGB*
1038 38.5939 55.0569 137.386 -4.89977 7.345 7.368 7.026 6.639 0.029 0.02 0.016 0.061 38 53.9 66.8 17.7 8.917 7.925 7.562 0.021 0.026 0.02 0.210964 1.355 0.536 -0.023 0.342 0.387 AGB*
1039 218.39 -60.8305 315.058 -0.385806 7.232 6.982 6.159 5.168 0.039 0.021 0.018 0.039 27.8 52.5 61.8 27.8 12.313 9.443 8.029 0.024 0.025 0.027 0.18373 4.284 1.87 0.25 0.823 0.991 AGB*
1040 292.665 18.8351 54.0832 0.215124 3.98 3.392 2.232 1.427 0.34 0.201 0.017 0.02 3.2 5.4 63.3 53 6.866 5.27 4.378 0.026 0.021 0.016 0.359357 2.488 2.146 0.588 1.16 0.805 AGB*
1041 70.3907 50.9251 155.11 3.02831 6.355 6.331 6.016 5.699 0.091 0.027 0.015 0.04 12 39.7 70.7 27.4 8.216 7.015 6.564 0.027 0.023 0.018 0.005219 1.652 0.548 0.024 0.315 0.317 AGB*
1042 57.3276 67.5645 138.7 10.3161 7.184 7.233 6.175 5.441 0.035 0.02 0.014 0.043 30.7 54.1 77.1 25.5 8.818 7.721 7.326 0.027 0.017 0.02 0.245169 1.492 1.151 -0.049 1.058 0.734 AGB*
1043 272.495 -3.98299 24.6031 7.35785 6.631 6.317 5.918 5.335 0.077 0.028 0.012 0.039 14.1 39.4 88.8 28.1 8.859 7.587 7.081 0.02 0.021 0.024 0.390951 1.778 1.163 0.314 0.399 0.583 AGB*
1044 305.896 22.4599 63.6291 -8.49038 6.386 6.463 6.038 5.648 0.078 0.023 0.014 0.04 13.9 46.9 76.7 27.1 7.896 6.966 6.611 0.023 0.021 0.026 0.105035 1.285 0.573 -0.077 0.425 0.39 AGB*
1050 309.525 40.8935 80.4364 -0.195575 4.989 4.975 4.503 3.972 0.185 0.08 0.014 0.046 5.9 13.6 75.2 23.8 9.152 6.935 5.792 0.02 0.021 0.017 0.501664 3.36 1.289 0.014 0.472 0.531 AGB*
1051 81.5928 -70.692 281.507 -32.4844 10.376 8.783 6.952 5.957 0.023 0.02 0.016 0.034 48.1 54.5 67.8 32.3 15.233 14.084 12.316 0.056 0.057 0.024 0.103445 2.917 5.364 1.593 1.831 0.995 AGB*
1055 355.379 59.5055 114.158 -2.16974 5.485 5.222 4.785 4.149 0.173 0.058 0.015 0.023 6.3 18.8 72.8 47.4 7.55 6.284 5.783 0.02 0.026 0.021 0.342595 1.767 0.998 0.263 0.437 0.636 AGB*
1056 272.285 -1.51111 26.7108 8.69895 6.178 6.014 5.346 4.464 0.106 0.034 0.016 0.028 10.3 32.3 68.7 38.7 8.013 6.834 6.32 0.02 0.036 0.017 0.223638 1.693 0.974 0.164 0.668 0.882 AGB*
1057 292.978 32.3808 66.1437 6.43957 6.665 6.652 6.05 5.51 0.07 0.023 0.015 0.034 15.4 48.2 70.6 32.2 8.211 7.222 6.783 0.018 0.017 0.017 0.307248 1.428 0.733 0.013 0.602 0.54 AGB*
1058 51.5238 47.9063 147.908 -7.3235 5.459 5.258 4.377 3.356 0.157 0.07 0.015 0.022 6.9 15.6 72.4 48.6 7.167 6.127 5.596 0.023 0.055 0.02 0.250684 1.571 1.219 0.201 0.881 1.021 AGB*
1061 287.524 37.5084 68.7834 12.7225 6.323 6.316 5.911 5.375 0.09 0.024 0.015 0.036 12.1 45.8 71 30.6 7.668 6.77 6.393 0.019 0.018 0.024 0.098882 1.275 0.482 0.007 0.405 0.536 AGB*
1062 286.937 3.37442 37.797 -2.08246 9.076 9.118 8.205 7.799 0.023 0.02 0.023 0.187 48.1 53.9 46.8 5.8 10.96 9.731 9.254 0.023 0.024 0.025 0.788065 1.706 1.049 -0.042 0.913 0.406 AGB*
1063 347.871 58.3456 110.115 -2.01671 5.187 4.941 4.433 3.706 0.202 0.08 0.015 0.022 5.4 13.5 70.4 48.7 7.487 6.169 5.601 0.03 0.033 0.018 0.132378 1.886 1.168 0.246 0.508 0.727 AGB*
1067 81.274 -70.1697 280.921 -32.6847 9.834 8.424 6.124 5.246 0.022 0.02 0.014 0.026 48.4 55.4 76.5 42.3 14.537 13.72 11.536 -9999 0.05 0.058 0.452498 3.001 5.412 1.41 2.3 0.878 AGB*
1068 237.604 82.1692 116.399 32.5379 8.506 8.337 7.76 7.516 0.023 0.02 0.017 0.092 48 55.4 65 11.8 9.691 8.865 8.553 0.021 0.017 0.018 0.227466 1.138 0.793 0.169 0.577 0.244 AGB*
1071 278.248 2.72933 33.2632 5.34719 6.125 5.635 4.694 3.671 0.093 0.049 0.014 0.023 11.7 22 77.7 47 8.889 7.647 6.901 0.027 0.067 0.033 0.284998 1.988 2.207 0.49 0.941 1.023 AGB*
1073 83.222 -72.6938 283.722 -31.6221 9.2 8.904 7.991 7.184 0.022 0.019 0.017 0.069 48.8 57 63.8 15.8 10.683 9.76 9.371 0.023 0.021 0.021 0.143671 1.312 1.38 0.296 0.913 0.807 AGB*
1074 267.014 12.0889 36.8633 19.4579 6.96 7.022 6.622 6.21 0.069 0.021 0.016 0.046 15.7 50.9 69.6 23.6 8.33 7.399 7.067 0.026 0.023 0.024 0.205658 1.263 0.445 -0.062 0.4 0.412 AGB*
1076 313.017 71.6748 106.417 16.9949 8.19 8.076 7.486 6.815 0.023 0.02 0.016 0.047 47 53.7 66 22.9 9.742 8.691 8.342 0.024 0.042 0.026 0.042411 1.4 0.856 0.114 0.59 0.671 AGB*
1082 4.82524 66.5673 119.738 3.89507 4.856 4.102 3.117 2.156 0.227 0.172 0.012 0.022 4.8 6.3 87.8 48.7 8.266 6.677 5.69 0.021 0.04 0.017 0.521013 2.576 2.573 0.754 0.985 0.961 AGB*
1083 262.927 -2.85959 20.9271 16.277 6.878 6.693 5.942 5.233 0.058 0.022 0.015 0.037 18.8 50.3 70.6 29.2 8.58 7.628 7.139 0.024 0.047 0.018 0.111286 1.441 1.197 0.185 0.751 0.709 AGB*
1086 276.87 17.4136 46.0386 13.007 6.701 6.648 6.104 5.443 0.069 0.02 0.015 0.044 15.7 53.5 72.6 24.9 8.153 7.132 6.773 0.021 0.038 0.026 0.141655 1.38 0.669 0.053 0.544 0.661 AGB*
1090 349.021 57.0991 110.228 -3.40186 5.926 5.865 5.152 4.138 0.121 0.039 0.015 0.025 9 27.7 71.1 42.7 7.645 6.555 6.066 0.027 0.031 0.023 0.197942 1.579 0.914 0.061 0.713 1.014 AGB*
1093 64.2312 47.2647 154.979 -2.41337 5.553 5.226 3.905 2.872 0.118 0.066 0.014 0.018 9.2 16.5 75.6 59.9 7.663 6.33 5.809 0.027 0.029 0.018 0.19362 1.854 1.904 0.327 1.321 1.033 AGB*
1094 284.916 -4.91756 29.4841 -4.06619 6.776 6.741 6.28 5.777 0.07 0.022 0.021 0.045 15.6 48.9 52.5 24.4 8.613 7.519 7.07 0.021 0.029 0.016 0.268095 1.543 0.79 0.035 0.461 0.503 AGB*
1095 89.9974 -67.6991 277.696 -29.8054 9.849 8.353 6.307 5.364 0.023 0.02 0.014 0.027 47.2 54.4 76.7 39.9 17.053 14.38 12.249 0.198 0.063 -9999 0.093713 4.804 5.942 1.496 2.046 0.943 AGB*
1099 38.8327 56.6601 136.884 -3.37073 4.582 3.649 3.141 2.861 0.232 0.171 0.014 0.023 4.7 6.4 76.6 47.4 10.345 8.319 6.661 0.02 0.021 0.016 0.058737 3.684 3.52 0.933 0.508 0.28 AGB*
1100 356.947 66.7905 116.708 4.69108 5.718 5.46 4.798 3.978 0.131 0.049 0.015 0.02 8.3 22.3 74.7 53.1 7.794 6.572 5.941 0.034 0.038 0.023 0.141749 1.853 1.143 0.258 0.662 0.82 AGB*
1102 266.132 -29.2866 359.577 0.020432 7.327 6.338 5.094 3.533 0.034 0.022 0.03 0.102 32 48.7 35.8 10.6 17.345 11.812 8.928 -9999 0.053 0.034 0.078486 8.417 3.834 0.989 1.244 1.561 AGB*
1103 287.36 11.6944 45.3763 1.37749 6.618 6.494 5.215 3.98 0.046 0.021 0.015 0.028 23.7 51.7 72.1 38.6 8.844 7.458 6.828 0.029 0.034 0.026 0.075526 2.016 1.613 0.124 1.279 1.235 AGB*
1110 308.606 54.9443 91.3734 8.69722 7.868 7.824 7.234 6.683 0.028 0.02 0.017 0.051 38.6 54.1 62.4 21.3 9.407 8.405 8.039 0.02 0.016 0.02 0.226872 1.368 0.805 0.044 0.59 0.551 AGB*
1111 75.6851 -71.659 283.172 -34.1056 9.654 8.456 7.202 6.509 0.022 0.02 0.016 0.051 48.5 55.6 68.8 21.3 15.927 13.476 11.493 0.109 0.037 0.026 0.041616 4.434 4.291 1.198 1.254 0.693 AGB*
1112 307.848 11.0542 54.9477 -16.3535 7.411 7.441 6.804 6.237 0.031 0.02 0.015 0.059 34.6 53.7 70.5 18.3 8.82 7.858 7.564 0.024 0.027 0.038 0.12022 1.256 0.76 -0.03 0.637 0.567 AGB*
1113 303.646 7.80826 49.8219 -14.535 7.578 7.692 7.377 7.003 0.03 0.02 0.017 0.09 36.2 55.4 65.3 12.1 8.937 7.968 7.708 0.026 0.029 0.02 0.278159 1.229 0.331 -0.114 0.315 0.374 AGB*
1115 249.567 -2.70522 13.6549 27.8045 7.567 7.509 6.394 4.317 0.03 0.019 0.017 0.023 36.3 56.6 63.4 46.5 9.021 7.999 7.638 0.029 0.057 0.02 0.106774 1.383 1.244 0.058 1.115 2.077 AGB*
1117 81.1715 -69.8854 280.596 -32.7707 10.22 8.44 5.77 4.938 0.023 0.02 0.015 0.029 47.2 55.1 74.2 37.7 16.5 14.669 12.183 -9999 0.074 0.027 0.373323 4.317 6.413 1.78 2.67 0.832 AGB*
1119 271.893 36.815 63.4808 24.1284 7.783 7.813 7.195 6.506 0.029 0.021 0.016 0.051 37.3 52.9 66.4 21.3 9.107 8.156 7.848 0.023 0.026 0.016 0.182149 1.259 0.653 -0.03 0.618 0.689 AGB*
1121 311.344 32.6799 74.823 -6.37597 6.708 6.673 6.194 5.643 0.048 0.021 0.016 0.037 22.8 52.9 67.5 29.2 8.18 7.208 6.808 0.032 0.027 0.016 0.142744 1.372 0.614 0.035 0.479 0.551 AGB*
1122 87.6457 -66.3974 276.215 -30.7537 9.256 8.65 7.715 7.542 0.023 0.02 0.017 0.068 47.7 54.3 65.4 15.9 12.814 11.28 10.158 0.023 0.025 0.023 0.059683 2.656 2.443 0.606 0.935 0.173 AGB*
1123 158.691 -17.8841 262.726 34.1082 7.973 7.902 7.068 6.241 0.025 0.02 0.018 0.053 44 54.1 61.5 20.5 9.37 8.464 8.027 0.023 0.036 0.034 0.213957 1.343 0.959 0.071 0.834 0.827 AGB*
1124 265.867 -29.295 359.448 0.212742 5.622 5.521 5.213 4.757 0.118 0.055 0.018 0.058 9.2 19.7 60.3 18.7 11.359 8.384 6.897 0.029 0.049 0.021 0.372201 4.462 1.684 0.101 0.308 0.456 AGB*
1125 217.882 -60.2671 315.041 0.230082 7.731 7.483 6.888 5.644 0.017 0.017 0.022 0.04 64.4 62.1 48.4 27.3 14.185 10.706 9.053 0.038 0.026 0.023 0.108574 5.132 2.165 0.248 0.595 1.244 AGB*
1130 52.0666 65.0524 138.516 7.04009 6.824 6.64 5.652 4.653 0.053 0.036 0.022 0.024 20.4 30.3 50.2 45.5 8.68 7.478 6.995 0.023 0.034 0.02 0.282784 1.685 1.343 0.184 0.988 0.999 AGB*
1131 278.599 -44.4562 350.641 -15.7925 6.864 6.665 5.269 4.499 0.077 0.024 0.014 0.027 14.1 44.9 75.2 39.6 9.016 8.226 7.727 0.021 0.044 0.02 0.081111 1.289 2.458 0.199 1.396 0.77 AGB*
1133 100.093 36.4939 178.669 13.6893 8.689 8.574 7.367 6.609 0.023 0.02 0.019 0.076 47.1 54.6 57.4 14.4 10.192 9.248 8.986 0.023 0.027 0.02 0.093601 1.206 1.619 0.115 1.207 0.758 AGB*
1134 296.519 16.7571 54.0682 -4.0016 5.406 5.282 4.59 3.784 0.165 0.06 0.014 0.027 6.6 18.2 75.6 40.6 7.099 6.083 5.608 0.021 0.017 0.02 0.245872 1.491 1.018 0.124 0.692 0.806 AGB*
1138 292.815 6.97305 43.7205 -5.58773 5.556 5.364 4.664 3.804 0.165 0.062 0.014 0.025 6.6 17.4 75.9 44 6.978 6.021 5.591 0.024 0.044 0.021 0.292546 1.387 0.927 0.192 0.7 0.86 AGB*
1140 298.012 22.1921 59.4791 -2.4739 5.337 5.099 4.59 3.964 0.174 0.075 0.016 0.025 6.3 14.5 69.8 43 7.308 6.163 5.577 0.021 0.04 0.021 0.270942 1.731 0.987 0.238 0.509 0.626 AGB*
1142 97.3339 -21.0249 229.608 -14.0982 6.323 6.265 5.357 4.336 0.088 0.025 0.015 0.026 12.4 44 71.7 41.5 7.819 6.913 6.473 0.023 0.034 0.023 0.111877 1.346 1.116 0.058 0.908 1.021 AGB*
1143 307.664 25.805 67.3355 -7.91151 6.242 5.947 5.562 5.156 0.062 0.029 0.02 0.035 17.5 38.1 54.3 30.8 7.88 6.776 6.32 0.018 0.024 0.017 0.647152 1.56 0.758 0.295 0.385 0.406 AGB*
1147 282.294 27.3943 57.4799 12.568 5.808 5.455 4.577 3.611 0.112 0.049 0.015 0.021 9.7 22.2 74.3 52.4 7.275 6.299 5.902 0.02 0.036 0.017 0.363483 1.373 1.325 0.353 0.878 0.966 AGB*
1148 84.4444 -71.2173 281.941 -31.4815 10.516 8.664 6.205 5.087 0.023 0.02 0.014 0.028 48.2 54.4 77.2 39.3 17.062 15.862 13.073 -9999 -9999 0.041 0.224015 3.989 6.868 1.852 2.459 1.118 AGB*
1150 268.16 -0.08432 26.0342 13.0122 7.085 7.108 6.499 5.743 0.039 0.021 0.015 0.056 28 52.7 70.9 19.4 8.748 7.602 7.257 0.154 0.057 0.018 0.167768 1.491 0.758 -0.023 0.609 0.756 AGB*
1151 78.4391 -69.099 279.902 -33.8654 9.335 7.86 5.725 4.853 0.023 0.02 0.016 0.025 46.5 55.4 67.3 43.8 15.82 13.895 11.879 0.094 0.045 0.025 0.101123 3.941 6.154 1.475 2.135 0.872 AGB*
1153 76.9097 -69.7359 280.802 -34.2388 9.07 8.689 7.85 7.099 0.023 0.02 0.018 0.06 47 54.5 59.8 18.1 10.386 9.446 8.98 0.024 0.022 0.021 0.312286 1.406 1.13 0.381 0.839 0.751 AGB*
1155 320.984 55.6536 96.5202 3.81188 5.215 4.857 4.205 3.44 0.194 0.079 0.015 0.021 5.6 13.8 71 52.6 7.113 5.951 5.348 0.024 0.015 0.016 0.295072 1.765 1.143 0.358 0.652 0.765 AGB*
1156 292.847 18.7125 54.0583 0.005574 5.496 5.318 4.618 3.505 0.176 0.062 0.018 0.101 6.2 17.5 59.2 10.8 7.598 6.293 5.708 0.021 0.02 0.024 0.324999 1.89 1.09 0.178 0.7 1.113 AGB*
1159 285.688 7.89434 41.2431 1.0962 5.246 4.671 3.854 3.132 0.098 0.089 0.015 0.024 11.1 12.1 72.7 45.1 8.208 6.539 5.643 0.041 0.027 0.02 1.51918 2.565 1.789 0.575 0.817 0.722 AGB*
1161 163.848 49.1693 160.47 58.6384 8.591 8.551 7.533 6.567 0.023 0.02 0.016 0.064 46.7 53.8 66.9 17.1 10.148 9.199 8.758 0.021 0.033 0.017 0.109739 1.39 1.225 0.04 1.018 0.966 AGB*
1163 308.771 19.6112 62.7909 -12.3159 8.302 8.305 7.724 7.265 0.022 0.019 0.019 0.126 49.8 55.8 56.6 8.7 9.552 8.721 8.411 0.019 0.021 0.022 0.097998 1.141 0.687 -0.003 0.581 0.459 AGB*
1164 75.5077 33.9284 170.632 -4.86302 5.543 5.202 4.745 4.148 0.124 0.059 0.016 0.024 8.8 18.3 69.4 44.5 7.407 6.266 5.693 0.037 0.061 0.016 0.310188 1.714 0.948 0.341 0.457 0.597 AGB*
1167 285.044 7.59404 40.6843 1.52598 6.283 6.372 5.514 4.918 0.089 0.024 0.015 0.033 12.2 46.1 71.7 32.6 10.786 8.647 7.494 0.026 0.029 0.018 0.249925 3.292 1.98 -0.089 0.858 0.596 AGB*
1168 305.767 46.7915 83.6204 5.4614 6.998 6.52 5.907 5.367 0.053 0.023 0.015 0.029 20.4 46.3 73.7 38 9.308 8.185 7.533 0.018 0.018 0.018 0.146233 1.775 1.626 0.478 0.613 0.54 AGB*
1169 272.186 -4.92874 23.6162 7.18346 5.644 5.33 4.631 3.787 0.166 0.058 0.014 0.021 6.5 18.7 75 50.9 7.795 6.449 5.808 0.023 0.053 0.02 0.139064 1.987 1.177 0.314 0.699 0.844 AGB*
1172 316.088 26.0917 72.2748 -13.7358 7.698 7.661 6.954 6.22 0.028 0.021 0.017 0.054 39.3 52.6 64.1 20.2 9.197 8.221 7.839 0.023 0.024 0.029 0.10619 1.358 0.885 0.037 0.707 0.734 AGB*
1179 33.667 62.4406 132.393 1.10775 6.377 6.38 6.041 5.607 0.039 0.023 0.015 0.036 28.1 48 71.8 30 8.14 6.958 6.518 0.027 0.021 0.02 0.12759 1.622 0.477 -0.003 0.339 0.434 AGB*
1181 304.698 56.3369 91.2834 11.3036 7.985 8.041 7.632 7.198 0.024 0.02 0.017 0.069 44.7 54.5 63.7 15.8 9.477 8.456 8.163 0.025 0.021 0.016 0.092984 1.314 0.531 -0.056 0.409 0.434 AGB*
1182 63.248 56.0197 148.487 3.49561 6.387 6.357 5.296 4.45 0.091 0.024 0.015 0.024 11.9 44.3 71.3 44.3 8.035 6.936 6.514 0.021 0.02 0.02 0.05901 1.521 1.218 0.03 1.061 0.846 AGB*
1186 298.016 50.505 84.0985 11.7638 7.008 7.191 6.845 6.514 0.046 0.022 0.016 0.057 23.5 49.1 66.2 19.1 8.463 7.524 7.208 0.024 0.02 0.016 0.169657 1.255 0.363 -0.183 0.346 0.331 AGB*
1187 281.311 16.8305 47.3447 8.91932 6.194 6.033 5.46 4.948 0.091 0.033 0.015 0.029 11.9 33 71.4 37.6 7.85 6.869 6.401 0.023 0.017 0.023 0.313783 1.449 0.941 0.161 0.573 0.512 AGB*
1190 302.624 28.0649 66.6772 -2.92573 5.01 4.491 3.951 3.365 0.186 0.078 0.015 0.021 5.8 13.9 70.6 50.7 7.883 6.473 5.687 0.024 0.026 0.017 0.283748 2.196 1.736 0.519 0.54 0.586 AGB*
1192 266.132 -29.1057 359.731 0.115233 6.65 5.514 4.487 2.78 0.063 0.045 0.019 0.061 17.3 24.1 57.4 17.9 15.126 11.338 9.193 0.073 0.034 0.034 0.647645 5.933 4.706 1.136 1.027 1.707 AGB*
1193 34.0998 66.2257 131.359 4.75402 6.113 5.92 5.195 4.351 0.103 0.043 0.015 0.03 10.6 25.1 72.8 36.3 7.937 6.787 6.274 0.027 0.034 0.016 0.028735 1.663 1.079 0.193 0.725 0.844 AGB*
1194 14.4576 65.2573 123.601 2.39393 6.335 6.168 5.7 4.892 0.086 0.026 0.014 0.031 12.7 41.8 75.8 34.5 8.083 6.919 6.494 0.024 0.029 0.018 0.099729 1.589 0.794 0.167 0.468 0.808 AGB*
1196 328.561 55.1874 99.433 0.614622 4.66 3.929 3.366 2.685 0.251 0.093 0.011 0.021 4.3 11.7 96 51.6 7.039 5.62 4.893 0.021 0.02 0.021 0.442465 2.146 1.527 0.731 0.563 0.681 AGB*
1199 40.6454 56.8556 137.716 -2.79141 6.611 6.633 5.86 5.122 0.053 0.023 0.016 0.03 20.7 47.9 66.7 35.8 8.389 7.241 6.778 0.02 0.016 0.018 0.088863 1.611 0.918 -0.022 0.773 0.738 AGB*
1200 69.3448 -68.4176 280.283 -37.2124 9.568 8.025 5.76 4.853 0.023 0.02 0.014 0.025 47.3 55 80 43.4 16.334 13.762 11.554 0.12 0.032 0.024 0.124448 4.78 5.794 1.543 2.265 0.907 AGB*
1201 66.528 48.3381 155.312 -0.563938 5.894 5.724 5.193 4.431 0.121 0.044 0.014 0.027 9 24.8 77.8 40.1 8.046 6.682 6.11 0.05 0.047 0.023 0.345896 1.936 0.917 0.17 0.531 0.762 AGB*
1202 278.024 14.5169 43.8389 10.7734 6.936 6.959 6.1 5.345 0.055 0.021 0.015 0.032 19.6 52.4 73.5 34.3 8.342 7.421 7.015 0.021 0.031 0.018 0.028551 1.327 0.915 -0.023 0.859 0.755 AGB*
1203 349.479 37.1173 102.962 -22.1011 8.047 8.08 7.62 7.101 0.023 0.02 0.018 0.101 47.1 55.2 60.3 10.7 9.407 8.482 8.177 0.021 0.018 0.015 0.111444 1.23 0.557 -0.033 0.46 0.519 AGB*
1204 311.618 47.4239 86.5083 2.64118 4.34 4.066 3.473 2.443 0.262 0.162 0.01 0.02 4.1 6.7 103.8 53.7 6.669 5.315 4.707 0.026 0.042 0.018 0.030548 1.962 1.234 0.274 0.593 1.03 AGB*
1205 27.1862 69.3275 127.981 7.01957 6.747 6.659 6.252 5.765 0.072 0.023 0.015 0.036 15 47.4 71.3 30.3 8.465 7.359 6.945 0.023 0.029 0.018 0.148565 1.52 0.693 0.088 0.407 0.487 AGB*
1207 100.084 -17.8561 227.771 -10.418 4.8 3.561 2.828 2.567 0.238 0.187 0.009 0.02 4.6 5.8 117.5 55.6 9.533 7.694 6.321 0.023 0.04 0.049 0.580538 3.212 3.493 1.239 0.733 0.261 AGB*
1208 11.7231 65.6154 122.462 2.74791 5.998 5.467 4.554 3.705 0.104 0.059 0.014 0.021 10.4 18.4 78.6 51.5 8.761 7.416 6.692 0.029 0.029 0.023 0.139798 2.069 2.138 0.531 0.913 0.849 AGB*
1209 285.009 -30.5929 5.9355 -15.1175 8.048 6.957 5.807 5.237 0.022 0.02 0.015 0.033 48.3 55.1 72.8 32.8 14.644 12.555 10.685 0.051 0.034 0.023 0.249208 3.959 4.878 1.091 1.15 0.57 AGB*
1210 294.646 -4.48707 34.2952 -12.5272 6.808 6.785 6.337 5.872 0.066 0.02 0.015 0.052 16.5 53.9 70.6 20.8 8.304 7.317 6.937 0.018 0.024 0.018 0.159313 1.367 0.6 0.023 0.448 0.465 AGB*
1211 309.102 51.9878 89.1407 6.71394 5.546 5.286 4.531 3.483 0.145 0.059 0.015 0.02 7.5 18.4 73.6 55.5 7.216 6.158 5.699 0.023 0.027 0.023 0.301845 1.517 1.168 0.26 0.755 1.048 AGB*
1212 304.998 53.9628 89.3505 9.86979 6.576 6.64 5.96 5.285 0.04 0.021 0.016 0.027 27.3 52.5 68.6 39.7 8.239 7.265 6.858 0.024 0.017 0.016 0.257675 1.381 0.898 -0.064 0.68 0.675 AGB*
1225 92.1503 64.1327 150.03 19.7639 8.138 7.919 7.39 6.835 0.023 0.019 0.018 0.077 46.5 55.9 60.7 14.2 10.013 9.224 8.757 0.024 0.032 0.019 0.234894 1.256 1.367 0.219 0.529 0.555 AGB*
1226 288.433 29.8392 62.0684 8.73775 7.428 7.465 6.941 6.486 0.035 0.02 0.016 0.055 30.8 54.5 67.5 19.6 8.794 7.866 7.557 0.029 0.023 0.016 0.254467 1.237 0.616 -0.037 0.524 0.455 AGB*
1228 284.564 -3.00114 31.0355 -2.88392 5.395 5.264 4.829 4.175 0.174 0.063 0.015 0.024 6.2 17.3 70.2 44.9 7.156 6.035 5.536 0.019 0.046 0.018 0.210806 1.62 0.707 0.131 0.435 0.654 AGB*
1230 105.27 4.55692 209.967 4.21722 6.419 6.441 5.8 5.044 0.082 0.024 0.015 0.035 13.2 45.1 73.8 30.9 8.067 7.095 6.656 0.027 0.051 0.023 0.091788 1.411 0.856 -0.022 0.641 0.756 AGB*
1231 84.0401 -67.0648 277.111 -32.1281 9.097 7.964 6.357 5.855 0.023 0.02 0.015 0.03 48 54.9 73.6 35.8 13.181 11.537 10.197 0.026 0.026 0.026 0.174144 2.984 3.84 1.133 1.607 0.502 AGB*
1233 281.724 19.1854 49.6677 9.58461 6.24 6.375 5.999 5.789 0.07 0.023 0.014 0.04 15.4 47.9 75.4 27.1 7.735 6.761 6.37 0.023 0.018 0.021 0.302551 1.365 0.371 -0.135 0.376 0.21 AGB*
1235 79.1896 -67.7265 278.216 -33.8752 9.717 8.408 6.646 5.974 0.023 0.02 0.015 0.031 48 54.3 72.9 34.9 16.66 14.197 12.203 -9999 0.056 0.03 0.287731 4.457 5.557 1.309 1.762 0.672 AGB*
1236 169.225 -37.6351 282.974 21.5456 7.301 6.548 4.62 3.5 0.036 0.023 0.014 0.023 30 47.7 76.9 46.5 9.77 8.776 8.265 0.024 0.046 0.027 0.079333 1.505 3.645 0.753 1.928 1.12 AGB*
1238 290.473 3.15828 39.2374 -5.31418 6.137 5.877 5.372 4.676 0.096 0.036 0.015 0.028 11.3 30.3 74.1 39 7.758 6.731 6.277 0.019 0.047 0.018 0.285598 1.481 0.905 0.26 0.505 0.696 AGB*
1239 83.8 -71.3336 282.112 -31.6692 10.676 9.008 6.507 5.501 0.022 0.019 0.014 0.028 48.8 56.4 75.8 38.2 17.398 16.033 14.034 -9999 -9999 0.08 0.29319 3.364 7.527 1.668 2.501 1.006 AGB*
1240 268.448 1.93248 28.0068 13.6953 7.033 6.887 6.263 5.722 0.049 0.016 0.011 0.041 22.3 66.3 100.9 26.5 8.556 7.641 7.231 0.023 0.051 0.02 0.259222 1.325 0.968 0.146 0.624 0.541 AGB*
1241 12.6277 -72.8583 303.027 -44.2697 8.805 8.17 5.665 4.494 0.023 0.018 0.015 0.028 47.4 59 73.3 38.4 10.338 9.394 8.783 0.023 0.024 0.025 0.103331 1.555 3.118 0.635 2.505 1.171 AGB*
1248 111.212 -12.1814 227.567 1.72821 6.091 5.902 5.193 4.426 0.107 0.042 0.015 0.029 10.2 26.1 70.8 37.3 7.78 6.71 6.257 0.034 0.031 0.02 0.166041 1.523 1.064 0.189 0.709 0.767 AGB*
1250 335.11 71.3051 111.363 11.9096 5.442 5.14 4.545 3.861 0.149 0.067 0.014 0.02 7.3 16.2 76 54.2 7.495 6.254 5.724 0.024 0.047 0.02 0.224717 1.771 1.179 0.302 0.595 0.684 AGB*
1255 287.455 -26.4487 10.7604 -15.4823 6.886 6.665 5.716 5.187 0.078 0.025 0.019 0.05 13.8 42.6 58 21.7 9.049 8.251 7.691 0.032 0.046 0.017 0.122931 1.358 1.975 0.221 0.949 0.529 AGB*
1256 303.903 6.49988 48.7904 -15.4202 7.216 6.982 5.573 4.701 0.034 0.02 0.015 0.026 31.6 53.4 73.8 42.1 9.147 8.239 7.778 0.035 0.029 0.023 0.196206 1.369 2.205 0.234 1.409 0.872 AGB*
1259 82.0649 -67.3386 277.542 -32.855 9.516 8.149 6.259 5.475 0.023 0.02 0.015 0.03 48.1 54.6 72.6 36.6 14.968 12.845 11 0.039 0.026 0.019 0.165057 3.968 4.741 1.367 1.89 0.784 AGB*
1267 321.566 21.3236 71.9597 -20.6478 6.55 6.607 5.846 4.978 0.08 0.021 0.014 0.028 13.6 51.7 78.3 38.2 7.986 7.022 6.635 0.027 0.031 0.02 0.220038 1.351 0.789 -0.057 0.761 0.868 AGB*
1268 73.3116 -69.2049 280.608 -35.5983 7.34 7.502 6.321 4.906 0.035 0.02 0.017 0.03 31.1 53.6 62.3 36.7 9.143 8.134 7.751 0.024 0.027 0.017 0.261965 1.392 1.43 -0.162 1.181 1.415 AGB*
1270 79.5499 -67.2985 277.679 -33.8188 9.508 8.344 6.614 5.925 0.023 0.02 0.015 0.032 48 54.7 73.4 33.8 18.107 14.505 12.609 -9999 0.072 0.033 0.618282 5.498 5.995 1.164 1.73 0.689 AGB*
1272 76.2237 -65.9438 276.386 -35.3818 9.245 9.162 8.156 7.092 0.023 0.02 0.019 0.06 47.1 54.3 58.5 18 10.502 9.594 9.215 0.023 0.024 0.019 0.252924 1.287 1.059 0.083 1.006 1.064 AGB*
1273 280.121 3.97035 35.2242 4.24346 6.529 6.44 5.603 4.955 0.046 0.025 0.016 0.028 23.7 43.6 68.2 39.3 8.809 7.496 6.905 0.03 0.042 0.016 0.556549 1.904 1.302 0.089 0.837 0.648 AGB*
1277 46.7815 53.3263 142.459 -4.32173 6.337 6.373 5.859 5.636 0.083 0.021 0.015 0.05 13.1 51.5 74 21.9 8.141 7.001 6.525 0.035 0.031 0.02 0.173264 1.616 0.666 -0.036 0.514 0.223 AGB*
1278 303.954 -2.95076 40.1545 -20.0819 8.39 8.47 8.148 7.865 0.023 0.02 0.023 0.187 47.8 53.6 48 5.8 9.746 8.881 8.536 0.021 0.028 0.023 0.38686 1.21 0.388 -0.08 0.322 0.283 AGB*
1280 277.37 2.32227 32.4986 5.94331 6.124 6.017 5.505 4.915 0.117 0.043 0.017 0.029 9.3 25.4 62.9 37.5 7.897 6.777 6.353 0.026 0.038 0.016 0.169933 1.544 0.848 0.107 0.512 0.59 AGB*
1282 83.624 -67.5072 277.651 -32.24 9.299 8.456 7.21 6.967 0.023 0.02 0.016 0.055 48.2 54.6 67.2 19.8 14.382 12.342 10.751 0.033 0.026 0.019 0.2854 3.631 3.541 0.843 1.246 0.243 AGB*
1283 272.641 17.1175 44.0388 16.5647 7.581 7.498 6.674 5.894 0.032 0.019 0.016 0.044 34.3 58.1 68.3 24.7 8.982 8.085 7.75 0.027 0.021 0.055 0.201181 1.232 1.076 0.083 0.824 0.78 AGB*
1284 345.921 72.1589 114.803 11.0095 7.534 7.539 6.883 6.112 0.034 0.02 0.015 0.045 32.1 54.1 73.7 24.1 9.174 8.099 7.802 0.023 0.055 0.02 0.123341 1.372 0.919 -0.005 0.656 0.771 AGB*
1285 81.2563 -72.5636 283.704 -32.223 9.892 8.852 7.464 6.754 0.023 0.02 0.016 0.06 47.9 55.6 69.6 18 15.26 13.401 11.803 0.076 0.041 -9999 0.332377 3.457 4.339 1.04 1.388 0.71 AGB*
1288 305.578 36.3379 74.9395 -0.382716 4.549 4.133 3.775 3.17 0.252 0.179 0.014 0.019 4.3 6.1 78.7 56.8 7.155 5.74 5.054 0.027 0.017 0.016 0.226121 2.101 1.279 0.416 0.358 0.605 AGB*
1290 87.9132 -70.2894 280.724 -30.4431 9.887 9.112 7.902 7.67 0.023 0.02 0.017 0.08 47.9 54.7 64.6 13.6 13.922 12.381 11.125 0.032 0.025 0.025 0.297854 2.797 3.223 0.775 1.21 0.232 AGB*
1295 319.414 31.6296 78.5123 -12.251 6.264 6.207 5.389 4.431 0.087 0.026 0.016 0.029 12.6 42.4 68.4 38 7.724 6.763 6.389 0.029 0.024 0.023 0.221077 1.335 1 0.057 0.818 0.958 AGB*
1296 272.865 -0.127377 28.2234 8.82658 6.078 5.877 5.271 4.669 0.109 0.047 0.014 0.028 10 23.3 75.7 38.3 7.812 6.777 6.243 0.02 0.044 0.024 0.314225 1.569 0.972 0.201 0.606 0.602 AGB*
1297 91.8029 -67.6697 277.665 -29.1198 9.725 8.996 8.168 7.77 0.023 0.02 0.018 0.087 48 55.5 60 12.4 14.396 12.747 11.448 0.036 0.022 0.023 0.211447 2.948 3.28 0.729 0.828 0.398 AGB*
1303 90.977 -67.068 276.97 -29.4292 9.893 8.864 7.332 6.838 0.023 0.02 0.016 0.043 47.1 53.2 68.7 25 14.751 12.904 11.442 0.033 0.024 0.023 0.057421 3.309 4.11 1.029 1.532 0.494 AGB*
1304 302.997 22.9408 62.547 -5.99477 5.317 5.168 4.659 4.084 0.18 0.07 0.015 0.022 6 15.4 74.1 49.4 6.98 5.948 5.491 0.037 0.059 0.023 0.132618 1.489 0.832 0.149 0.509 0.575 AGB*
1306 218.35 -60.803 315.051 -0.353012 7.323 6.704 6.186 5.468 0.035 0.021 0.021 0.055 31 50.9 52.4 19.8 13.86 10.192 8.415 0.026 0.025 0.025 0.138371 5.445 2.229 0.619 0.518 0.718 AGB*
1307 277.969 11.6396 41.1813 9.57354 6.434 6.449 5.901 5.116 0.082 0.024 0.016 0.036 13.3 45.2 68.9 30.6 7.926 6.94 6.558 0.027 0.036 0.021 0.241701 1.368 0.657 -0.015 0.548 0.785 AGB*
1309 34.4176 57.6664 134.285 -3.292 7.297 7.316 6.956 6.65 0.036 0.021 0.017 0.072 29.9 52.9 63.1 15.1 8.858 7.939 7.567 0.027 0.055 0.029 0.16571 1.291 0.611 -0.019 0.36 0.306 AGB*
1310 319.159 62.2534 100.598 9.10583 6.318 6.238 5.564 4.61 0.075 0.029 0.015 0.025 14.4 37.9 72.4 43.7 8.005 6.859 6.454 0.029 0.029 0.026 0.221546 1.551 0.89 0.08 0.674 0.954 AGB*
1311 287.202 3.61642 38.1334 -2.20557 7.971 7.812 7.177 6.376 0.022 0.019 0.029 0.062 48.8 56.6 37.2 17.4 9.978 8.794 8.215 0.025 0.027 0.023 0.310561 1.763 1.038 0.159 0.635 0.801 AGB*
1312 81.7928 -69.6074 280.226 -32.6073 8.88 8.656 7.678 7.136 0.023 0.02 0.017 0.059 47.4 54.9 62.9 18.3 10.399 9.544 9.159 0.021 0.022 0.023 0.130581 1.24 1.481 0.224 0.978 0.542 AGB*
1313 336.038 71.4632 111.704 11.8784 7.655 7.731 7.255 6.881 0.029 0.02 0.016 0.058 37.9 54.3 68.1 18.7 9.527 8.381 7.944 0.027 0.053 0.031 0.156312 1.583 0.689 -0.076 0.476 0.374 AGB*
1314 83.5666 -70.3813 281.017 -31.8867 9.844 8.023 5.349 4.31 0.023 0.019 0.013 0.02 48.1 55.8 84 53.5 17.659 15.488 12.851 -9999 0.138 0.027 0.28296 4.808 7.502 1.821 2.674 1.039 AGB*
1316 159.351 -35.0652 274.149 20.2076 7.764 7.405 6.517 5.864 0.027 0.02 0.016 0.042 39.9 55.3 69.8 25.7 9.052 8.258 7.805 0.026 0.046 0.029 0.172685 1.247 1.288 0.359 0.888 0.653 AGB*
1318 321.056 44.7993 88.9454 -3.96833 5.959 5.87 5.307 4.711 0.131 0.046 0.014 0.028 8.3 23.8 75.7 39.1 7.658 6.567 6.077 0.023 0.027 0.018 0.304389 1.581 0.77 0.089 0.563 0.596 AGB*
1322 83.6427 15.7429 189.925 -9.10389 7.149 7.089 6.638 6.142 0.046 0.02 0.016 0.049 23.6 53.2 70 22.3 8.879 7.815 7.385 0.02 0.031 0.021 0.273654 1.494 0.747 0.06 0.451 0.496 AGB*
1323 292.81 -3.46735 34.3781 -10.4327 5.47 5.188 4.569 3.77 0.151 0.05 0.015 0.022 7.2 21.9 73.5 49.9 7.316 6.227 5.742 0.019 0.029 0.02 0.164561 1.574 1.173 0.282 0.619 0.799 AGB*
1324 272.088 9.71807 36.8451 13.9404 7.459 7.539 7.108 6.548 0.032 0.02 0.017 0.061 34 54.1 64.6 17.7 8.811 7.867 7.557 0.024 0.027 0.023 0.287659 1.254 0.449 -0.08 0.431 0.56 AGB*
1325 85.2664 30.4806 178.166 -0.030336 5.597 5.009 4.435 3.764 0.133 0.062 0.015 0.025 8.2 17.4 72.1 43.7 8.139 6.845 6.141 0.02 0.027 0.02 0.05941 1.998 1.706 0.588 0.574 0.671 AGB*
1328 298.461 9.5139 48.6901 -9.24713 6.657 6.709 6.287 5.95 0.077 0.023 0.016 0.042 14.1 48.1 69.8 26.1 8.021 7.085 6.706 0.024 0.044 0.021 0.079196 1.315 0.419 -0.052 0.422 0.337 AGB*
1329 85.9033 7.4464 198.324 -11.4358 7.914 7.873 7.434 7.179 0.025 0.02 0.018 0.136 43.9 53.8 59.6 8 9.322 8.39 8.041 0.022 0.02 0.033 0.165351 1.281 0.607 0.041 0.439 0.255 AGB*
1333 79.8337 -69.839 280.647 -33.2316 9.461 8.217 6.597 5.657 0.023 0.02 0.016 0.035 48.2 53.2 66.6 31 14.978 14.274 12.194 -9999 0.061 0.052 0.250571 2.784 5.597 1.244 1.62 0.94 AGB*
1335 91.1467 -67.7824 277.79 -29.3698 9.378 8.189 6.366 5.804 0.023 0.02 0.015 0.032 47.1 53.5 72 34.2 16.556 14.364 12.309 0.138 0.053 0.03 0.106932 4.247 5.943 1.189 1.823 0.562 AGB*
1337 279.039 12.6359 42.553 9.06846 7.492 7.478 6.559 5.681 0.031 0.02 0.015 0.037 35.5 55.2 72.8 29.1 8.912 7.914 7.592 0.027 0.023 0.024 0.115935 1.32 1.033 0.014 0.919 0.878 AGB*
1340 279.267 -1.11783 30.2966 2.68575 7.325 6.855 6.091 5.273 0.025 0.02 0.016 0.035 43.5 55.7 69.7 30.9 11.521 9.64 8.552 0.027 0.026 0.023 0.450332 2.969 2.461 0.47 0.764 0.818 AGB*
1341 261.052 -5.83493 17.2681 16.4122 6.129 6.082 5.497 4.795 0.046 0.029 0.015 0.031 23.8 36.9 70.1 35.3 7.839 6.727 6.24 0.024 0.042 0.024 0.229641 1.599 0.743 0.047 0.585 0.702 AGB*
1343 107.017 0.472482 214.409 3.91548 6.449 6.32 5.826 5.354 0.077 0.025 0.014 0.031 14.1 43.5 75.5 35.6 8.004 7.043 6.599 0.03 0.027 0.023 0.212769 1.405 0.773 0.129 0.494 0.472 AGB*
1344 102.442 49.7319 166.427 20.1046 8.135 8.179 7.696 7.285 0.023 0.019 0.021 0.131 47.4 56.8 52.6 8.3 9.549 8.597 8.246 0.022 0.031 0.026 0.161958 1.303 0.55 -0.044 0.483 0.411 AGB*
1345 46.778 50.0123 144.12 -7.19438 7.517 7.442 6.958 6.503 0.034 0.02 0.017 0.059 31.9 53.3 65.6 18.3 9.134 8.045 7.665 0.048 0.02 0.021 0.141204 1.469 0.707 0.075 0.484 0.455 AGB*
1346 297.27 14.809 52.736 -5.59991 5.719 5.692 5.195 4.526 0.14 0.049 0.015 0.028 7.7 22.1 70.9 38.8 7.205 6.166 5.859 0.024 0.033 0.04 0.370668 1.346 0.664 0.027 0.497 0.669 AGB*
1351 27.9137 64.2315 129.42 2.12103 6.179 5.443 4.859 4.155 0.034 0.053 0.015 0.026 32.2 20.6 71.4 41.2 7.56 6.39 5.826 0.03 0.031 0.017 0.509375 1.734 0.967 0.736 0.584 0.704 AGB*
1354 68.0647 42.604 160.213 -3.73498 5.154 4.491 3.794 2.762 0.115 0.081 0.016 0.02 9.5 13.4 68.2 53.3 6.699 5.676 5.077 0.02 0.026 0.021 0.14662 1.622 1.283 0.663 0.697 1.032 AGB*
1356 18.3905 63.3301 125.412 0.565018 6.094 6.065 5.668 5.209 0.114 0.031 0.015 0.028 9.6 35.4 71.2 39.1 8.134 6.803 6.265 0.023 0.018 0.018 0.091531 1.869 0.597 0.029 0.397 0.459 AGB*
1357 80.5802 -69.3876 280.058 -33.0641 9.057 8.44 7.48 7.245 0.023 0.019 0.014 0.07 47.1 58.6 80.1 15.6 13.078 11.506 10.341 0.023 0.027 0.023 0.432566 2.737 2.861 0.617 0.96 0.235 AGB*
1359 12.327 65.473 122.711 2.60228 6.828 6.794 6.036 5.119 0.076 0.022 0.016 0.035 14.2 50.2 67 30.8 9.255 7.796 7.144 0.023 0.029 0.016 0.159137 2.111 1.108 0.034 0.758 0.917 AGB*
1364 88.4459 -70.1986 280.605 -30.2695 9.307 8.882 8.17 7.962 0.023 0.02 0.019 0.102 46.9 54.5 55.9 10.6 12.376 11.012 10.126 0.027 0.025 0.023 0.147219 2.25 1.956 0.425 0.712 0.208 AGB*
1365 75.974 -64.5408 274.728 -35.7823 10.229 9.361 8.091 7.804 0.023 0.02 0.018 0.087 46.9 54.1 60.5 12.5 14.034 12.526 11.269 0.029 0.027 0.023 0.369131 2.765 3.178 0.868 1.27 0.287 AGB*
1368 303.974 27.3934 66.7723 -4.29259 6.248 6.16 5.634 4.886 0.088 0.03 0.015 0.026 12.4 36.5 73.3 42.4 8.051 6.856 6.386 0.032 0.027 0.026 0.192033 1.665 0.752 0.088 0.526 0.748 AGB*
1369 4.89906 70.215 120.222 7.51108 6.056 5.418 4.481 3.748 0.116 0.067 0.014 0.024 9.4 16.3 77.8 46.2 8.056 6.782 6.125 0.032 0.044 0.021 0.329529 1.931 1.644 0.638 0.937 0.733 AGB*
1370 20.8354 51.106 128.032 -11.4495 7.021 7.025 6.576 6.132 0.048 0.02 0.016 0.046 22.6 54.4 69.8 23.8 8.526 7.605 7.173 0.03 0.047 0.018 0.057343 1.353 0.597 -0.004 0.449 0.444 AGB*
1374 279.603 65.612 95.6659 25.86 8.582 8.595 8.147 7.852 0.023 0.02 0.018 0.083 47.5 54.7 60.7 13.1 9.815 8.911 8.634 0.026 0.031 0.022 0.115336 1.181 0.487 -0.013 0.448 0.295 AGB*
1377 342.293 70.595 113.05 10.1066 7.963 7.977 7.131 6.38 0.025 0.02 0.016 0.04 43.4 54.1 66.9 27.2 9.527 8.552 8.189 0.027 0.046 0.026 0.100328 1.338 1.058 -0.014 0.846 0.751 AGB*
1383 298.278 27.017 63.7481 -0.209922 4.79 4.596 4.016 3.366 0.21 0.117 0.014 0.023 5.2 9.3 76 47.4 7.237 6.092 5.473 0.023 0.023 0.02 0.171421 1.764 1.457 0.194 0.58 0.65 AGB*
1388 300.624 49.4498 84.0105 9.78428 6.971 7.081 6.345 5.346 0.05 0.02 0.015 0.028 21.8 53.5 72.8 38.2 8.477 7.538 7.177 0.035 0.047 0.017 0.202821 1.3 0.832 -0.11 0.736 0.999 AGB*
1392 331.731 40.7833 92.3102 -12.1075 7.374 7.326 6.708 6.131 0.029 0.02 0.017 0.04 37.4 55.4 63.7 27.1 8.79 7.863 7.512 0.03 0.033 0.024 0.096749 1.278 0.804 0.048 0.618 0.577 AGB*
1399 323.423 56.2663 97.9339 3.31418 5.797 6.182 5.523 4.85 0.027 0.021 0.014 0.025 40.1 52.1 76.9 42.8 8.231 7.051 6.571 0.023 0.033 0.016 0.257481 1.66 1.048 -0.385 0.659 0.673 AGB*
1401 85.0035 19.4467 187.43 -6.05677 7.1 7.127 6.501 5.8 0.041 0.02 0.015 0.045 26.5 54.4 70.3 24.2 8.726 7.693 7.306 0.018 0.021 0.024 0.199847 1.42 0.805 -0.027 0.626 0.701 AGB*
1402 283.552 -4.11796 29.5802 -2.49198 6.945 7.023 6.171 5.171 0.055 0.019 0.019 0.038 19.7 56.6 57.5 28.8 9.088 7.885 7.231 0.035 0.061 0.024 0.209905 1.857 1.06 -0.078 0.852 1 AGB*
1403 285.737 2.63561 36.5905 -1.35602 5.92 5.796 4.602 3.698 0.123 0.044 0.014 0.022 8.8 24.7 75.2 48.7 8.079 6.791 6.249 0.02 0.024 0.02 0.030735 1.83 1.647 0.124 1.194 0.904 AGB*
1405 294.491 4.19186 42.0477 -8.37323 6.174 6.034 5.492 4.872 0.112 0.041 0.015 0.032 9.7 26.7 74.5 33.5 7.697 6.668 6.27 0.023 0.029 0.021 0.157026 1.427 0.778 0.14 0.542 0.62 AGB*
1407 293.607 44.3495 77.1209 11.5412 7.567 7.576 7.058 6.583 0.026 0.02 0.016 0.056 41 54.7 68 19.4 8.965 8.078 7.758 0.027 0.026 0.021 0.180789 1.207 0.7 -0.009 0.518 0.475 AGB*
1411 294.186 42.9333 76.0315 10.5225 7.526 7.566 7.118 6.614 0.033 0.021 0.016 0.067 33.3 52.6 66.2 16.1 8.776 7.87 7.549 0.024 0.017 0.02 0.381894 1.227 0.431 -0.04 0.448 0.504 AGB*
1413 288.861 37.1968 68.9537 11.627 6.972 7.05 6.734 6.498 0.051 0.019 0.015 0.057 21.3 56.2 70.8 19.2 8.26 7.384 7.045 0.018 0.029 0.02 0.222654 1.215 0.311 -0.078 0.316 0.236 AGB*
1420 265.814 -29.4164 359.321 0.188371 5.433 5.244 4.788 3.268 0.137 0.074 0.03 0.067 7.9 14.8 35.7 16.2 11.601 8.301 6.645 0.021 0.046 0.023 0.320742 4.956 1.857 0.189 0.456 1.52 AGB*
1426 311.973 39.22 80.2756 -2.70212 5.533 5.203 4.829 4.221 0.13 0.062 0.015 0.025 8.3 17.5 73.5 42.9 7.604 6.283 5.674 0.019 0.02 0.018 0.264454 1.93 0.845 0.33 0.374 0.608 AGB*
1427 10.166 63.3634 121.725 0.516957 6.162 5.881 5.139 4.23 0.09 0.045 0.015 0.032 12.1 24.2 73.5 34.3 8.266 6.96 6.41 0.026 0.027 0.018 0.117731 1.856 1.271 0.281 0.742 0.909 AGB*
1432 82.3237 -67.0429 277.178 -32.7953 8.013 7.665 6.973 6.301 0.023 0.02 0.015 0.041 46.9 55.5 70.2 26.7 10.189 9.278 8.788 0.026 0.022 0.019 0.214582 1.401 1.815 0.348 0.692 0.672 AGB*
1434 292.622 -1.85518 35.7488 -9.5317 6.31 6.237 5.934 5.595 0.08 0.023 0.016 0.037 13.6 46.6 68.7 29.7 7.725 6.776 6.389 0.029 0.046 0.018 0.081952 1.336 0.455 0.073 0.303 0.339 AGB*
1435 327.473 54.1205 98.2732 0.179254 6.632 6.498 5.633 4.623 0.071 0.024 0.015 0.026 15.4 45.8 73 41.7 9.337 7.816 7.097 0.021 0.047 0.023 0.037116 2.24 1.464 0.134 0.865 1.01 AGB*
1441 76.5633 -72.1158 283.604 -33.7127 9.282 8.406 6.95 6.646 0.023 0.021 0.016 0.052 47.1 52.8 69.1 20.7 13.131 11.64 10.35 0.024 0.026 0.02 0.341199 2.781 3.4 0.876 1.456 0.304 AGB*
1444 103.069 17.2612 197.563 7.9563 8.21 8.215 7.857 7.632 0.022 0.019 0.021 0.169 48.7 55.8 52.4 6.4 9.531 8.595 8.284 0.018 0.027 0.019 0.214028 1.247 0.427 -0.005 0.358 0.225 AGB*
1446 305.124 33.5844 72.463 -1.6433 4.405 3.747 3.424 2.827 0.254 0.193 0.013 0.025 4.3 5.6 83.4 43.6 7.527 6.045 5.296 0.023 0.023 0.021 0.166343 2.231 1.872 0.658 0.323 0.597 AGB*
1448 263.264 -2.10817 21.7815 16.3503 6.758 6.613 5.996 5.374 0.068 0.022 0.016 0.042 16 48.8 67.8 26.1 8.369 7.377 6.978 0.026 0.047 0.026 0.171555 1.391 0.982 0.145 0.617 0.622 AGB*
1450 288.448 13.0738 47.0912 1.07276 7.858 7.961 7.648 6.59 0.025 0.02 0.035 0.105 42.7 55 30.6 10.4 9.441 8.431 8.117 0.02 0.016 0.016 0.239112 1.324 0.469 -0.103 0.313 1.058 AGB*
1454 287.051 14.0096 47.2949 2.70982 6.333 5.71 4.885 4.084 0.097 0.057 0.01 0.023 11.2 19.2 104.5 47.6 7.999 6.842 6.227 0.024 0.027 0.02 0.013705 1.772 1.342 0.623 0.825 0.801 AGB*
1455 267.916 -4.55117 21.8964 11.1043 5.976 5.822 5.379 4.902 0.118 0.048 0.015 0.03 9.2 22.8 73.9 36.3 7.683 6.608 6.109 0.03 0.023 0.02 0.243004 1.574 0.73 0.154 0.443 0.477 AGB*
1459 307.084 34.6508 74.2697 -2.35823 4.756 4.399 3.686 2.505 0.249 0.137 0.014 0.016 4.4 7.9 77.2 69.7 7.106 5.707 5.034 0.021 0.023 0.016 0.371982 2.072 1.348 0.357 0.713 1.181 AGB*
1464 293.757 20.9316 56.4145 0.329905 4.541 3.982 3.592 3.117 0.217 0.167 0.015 0.021 5 6.5 73.1 50.8 7.318 6.094 5.376 0.02 0.026 0.018 0.605339 1.942 1.784 0.559 0.39 0.475 AGB*
1465 14.7959 58.0301 123.961 -4.82606 5.759 5.571 5.015 4.238 0.125 0.041 0.014 0.023 8.7 26.5 75 48.1 7.415 6.325 5.889 0.029 0.049 0.023 0.381366 1.526 0.874 0.188 0.556 0.777 AGB*
1466 309.945 -15.898 29.9828 -30.9733 8.189 8.059 7.287 6.826 0.022 0.019 0.018 0.095 48.7 56.9 62 11.4 10.098 9.249 8.731 0.026 0.026 0.027 0.255656 1.367 1.444 0.13 0.772 0.461 AGB*
1469 73.0841 -68.725 280.076 -35.8223 10.055 8.524 6.245 5.439 0.024 0.02 0.016 0.028 46.2 54 68.6 38.9 17.979 14.852 12.437 -9999 0.088 0.03 0.092269 5.542 6.192 1.531 2.279 0.806 AGB*
1470 286.873 17.1587 50.0225 4.30178 6.16 6.051 5.545 4.866 0.093 0.037 0.016 0.03 11.7 29.5 67.8 36.2 8.002 6.776 6.301 0.023 0.018 0.02 0.159181 1.701 0.756 0.109 0.506 0.679 AGB*
1472 23.1035 66.8262 126.956 4.27521 6.764 6.664 6.214 5.662 0.06 0.021 0.015 0.043 18 52.4 71.9 25.4 8.553 7.357 6.915 0.024 0.033 0.024 0.109497 1.638 0.701 0.1 0.45 0.552 AGB*
1473 289.663 33.7626 66.0996 9.54156 6.773 6.76 6.271 5.84 0.072 0.021 0.015 0.042 15.1 51.9 74.2 25.9 8.159 7.247 6.897 0.019 0.016 0.02 0.179201 1.262 0.626 0.013 0.489 0.431 AGB*
1474 310.532 41.5142 81.3905 -0.416021 6.969 7.049 6.701 5.782 0.043 0.02 0.02 0.064 25.3 53.4 55.5 16.8 10.512 8.494 7.585 0.022 0.028 0.024 0.192974 2.927 0.884 -0.08 0.348 0.919 AGB*
1482 310.192 8.28218 53.8145 -19.7976 7.798 7.84 7.21 6.541 0.027 0.021 0.018 0.058 40 52.3 59.9 18.7 9.094 8.192 7.822 0.027 0.026 0.023 0.099556 1.272 0.612 -0.042 0.63 0.669 AGB*
1487 103.943 4.11549 209.76 2.83794 5.179 4.117 3.081 1.924 0.129 0.157 0.013 0.021 8.4 6.9 82.9 51 6.958 5.772 5.037 0.026 0.044 0.016 0.452721 1.921 1.956 1.062 1.036 1.157 AGB*
1489 12.5299 -73.5237 303.061 -43.6042 7.528 6.471 3.998 2.818 0.033 0.023 0.015 0.016 32.9 46.6 74.6 68.2 11.431 9.777 8.639 0.023 0.025 0.023 0.155216 2.792 4.641 1.057 2.473 1.18 AGB*
1491 54.9103 52.248 147.167 -2.52618 5.396 5.166 4.653 4.036 0.178 0.082 0.015 0.026 6.1 13.2 74 41.9 7.463 6.222 5.644 0.03 0.026 0.018 0.141245 1.819 0.991 0.23 0.513 0.617 AGB*
1495 69.7755 45.36 159.005 -0.9688 6.236 6.052 5.408 4.508 0.084 0.025 0.015 0.032 12.9 44 72.6 33.6 8.012 6.776 6.278 0.026 0.018 0.018 0.209965 1.734 0.87 0.184 0.644 0.9 AGB*
1497 82.2161 -65.6984 275.595 -33.0045 8.968 8.276 7.261 6.949 0.023 0.02 0.016 0.05 47.6 53.8 66.2 21.7 13.322 11.742 10.522 0.026 0.027 0.025 0.22943 2.8 3.261 0.692 1.015 0.312 AGB*
1499 297.923 17.2016 55.1299 -4.93948 5.911 5.677 5.105 4.311 0.11 0.048 0.015 0.024 9.8 22.7 71.2 46 7.169 6.206 5.849 0.026 0.016 0.017 0.192621 1.32 0.744 0.234 0.572 0.794 AGB*
1502 80.7248 -72.9656 284.209 -32.2905 9.204 8.352 7.061 7.067 0.023 0.02 0.016 0.062 47.8 53.1 69.6 17.6 14.161 12.605 11.296 0.033 0.029 0.023 0.225885 2.865 4.235 0.852 1.291 -0.006 AGB*
1503 274.23 16.6478 44.2402 14.9855 8.417 8.286 7.28 6.322 0.023 0.021 0.016 0.057 47.3 52.8 67.6 19.1 9.853 8.92 8.606 0.022 0.028 0.025 0.196752 1.247 1.326 0.131 1.006 0.958 AGB*
1505 280.849 31.7216 61.0547 15.445 5.76 5.624 4.807 3.955 0.117 0.043 0.015 0.021 9.3 25.2 73.3 52.7 7.193 6.249 5.84 0.02 0.023 0.017 0.119953 1.353 1.033 0.136 0.817 0.852 AGB*
1508 12.3576 -73.201 303.133 -43.9263 9.177 8.747 7.133 6.109 0.023 0.021 0.016 0.044 47 52.8 67.4 24.8 10.884 10.06 9.581 0.023 0.024 0.021 0.185617 1.303 2.448 0.43 1.614 1.024 AGB*
1513 80.8241 -66.9521 277.17 -33.3882 8.506 8.064 7.491 6.962 0.024 0.02 0.016 0.056 45.7 53.5 69.1 19.4 9.55 8.63 8.22 0.022 0.044 0.023 0.332221 1.33 0.729 0.442 0.573 0.529 AGB*
1516 338.032 67.8335 110.35 8.43227 6.424 6.023 5.329 5.21 0.063 0.037 0.015 0.029 17.4 29.4 74.6 38 9.632 8.072 7.041 0.025 0.051 0.026 0.362264 2.591 1.712 0.401 0.694 0.119 AGB*
1519 71.4253 -70.0647 281.874 -35.9383 9.725 9.528 8.675 7.733 0.023 0.021 0.021 0.135 46.9 52.9 51.6 8 12.247 10.941 10.1 0.023 0.026 0.023 0.073671 2.147 1.425 0.197 0.853 0.942 AGB*
1526 15.4246 70.6749 123.789 7.82025 6.769 6.662 5.882 5.08 0.29 0.022 0.014 0.035 3.7 48.6 77.4 31 8.453 7.4 6.943 0.023 0.044 0.02 0.225359 1.51 1.061 0.107 0.78 0.802 AGB*
1528 81.1611 -70.3992 281.197 -32.6798 10.28 8.508 5.79 4.72 0.023 0.02 0.014 0.022 47.1 54.6 76.6 48.3 17.155 16.436 14.475 -9999 -9999 0.101 0.26858 2.68 8.685 1.772 2.718 1.07 AGB*
1529 306.89 9.66611 53.1998 -16.3025 7.234 7.304 6.932 6.621 0.035 0.02 0.016 0.069 31 55.6 66.8 15.8 8.616 7.66 7.388 0.029 0.038 0.018 0.197467 1.228 0.456 -0.07 0.372 0.311 AGB*
1530 281.949 0.8532 33.2761 1.19959 5.994 5.596 4.84 4.14 0.153 0.084 0.021 0.039 7.1 12.9 52.2 27.8 10.4 8.521 7.471 0.033 0.063 0.024 0.373457 2.929 2.631 0.398 0.756 0.7 AGB*
1536 262.722 -33.6728 354.316 0.124655 6.757 5.577 3.458 1.867 0.079 0.049 0.012 0.015 13.7 22.4 93.6 74.5 16.177 12.475 10.442 -9999 0.022 0.02 0.173 5.735 6.984 1.18 2.119 1.591 AGB*
1538 77.3502 -72.227 283.652 -33.4504 9.148 8.285 7.279 6.756 0.022 0.019 0.015 0.052 49.2 57.1 72.4 21.1 13.02 11.415 10.281 0.024 0.021 0.021 0.236079 2.739 3.002 0.863 1.006 0.523 AGB*
1539 85.5653 -68.4535 278.671 -31.4185 10.185 8.673 6.518 5.748 0.039 0.021 0.015 0.035 28 51.2 71.9 31.4 16.002 15.263 12.819 -9999 0.124 0.035 0.180832 3.183 6.301 1.512 2.155 0.77 AGB*
1540 93.0941 2.3924 206.303 -7.57285 7.055 7.053 6.554 6.018 0.05 0.019 0.016 0.048 21.8 56.2 67 22.5 8.559 7.565 7.195 0.037 0.033 0.017 0.156611 1.364 0.641 0.002 0.499 0.536 AGB*
1542 79.1308 -71.9356 283.149 -32.9946 9.451 8.347 6.8 6.197 0.023 0.02 0.016 0.052 47.5 54 69.6 20.9 14.869 12.867 11.156 0.053 0.03 0.023 0.174121 3.713 4.356 1.104 1.547 0.603 AGB*
1544 277.566 7.11982 36.9016 7.93167 5.781 5.561 5.005 4.141 0.095 0.048 0.015 0.026 11.4 22.7 71.5 41.8 7.206 6.208 5.821 0.024 0.031 0.023 0.150391 1.385 0.816 0.22 0.556 0.864 AGB*
1547 315.657 18.7644 66.0976 -18.0456 7.891 7.624 7.019 6.579 0.024 0.021 0.016 0.071 45.6 52.6 66.5 15.2 9.187 8.292 7.984 0.024 0.04 0.017 0.129405 1.203 0.965 0.267 0.605 0.44 AGB*
1548 282.677 7.12413 39.197 3.4032 5.646 5.622 4.825 3.864 0.173 0.054 0.016 0.025 6.3 20.2 69.9 44.2 7.741 6.42 5.893 0.021 0.026 0.02 0.256272 1.848 1.068 0.024 0.797 0.961 AGB*
1549 93.6649 61.3116 153.086 19.3746 7.671 7.727 7.339 7.095 0.028 0.02 0.016 0.092 38.3 55.1 65.8 11.8 9.156 8.247 7.87 0.034 0.031 0.023 0.198673 1.286 0.531 -0.056 0.388 0.244 AGB*
1551 271.607 -1.7619 26.1664 9.18133 4.727 4.273 3.553 2.873 0.227 0.076 0.016 0.02 4.8 14.3 67.7 54.3 7.219 5.923 5.202 0.021 0.051 0.026 0.051459 2.017 1.649 0.454 0.72 0.68 AGB*
1561 13.6126 43.927 123.505 -18.9414 6.926 7.066 6.543 5.926 0.05 0.02 0.015 0.036 21.6 53.7 74.1 30.4 8.333 7.416 7.056 0.032 0.015 0.018 0.141503 1.277 0.513 -0.14 0.523 0.617 AGB*
1562 266.126 -29.121 359.715 0.111363 7.278 6.011 5.204 4.312 0.054 0.037 0.022 0.058 20 29.7 49.2 18.8 15.045 11.158 8.884 0.037 0.024 0.023 0.104814 6.161 3.68 1.267 0.807 0.892 AGB*
1567 288.275 22.2082 55.1374 5.4275 5.62 5.357 4.813 4.072 0.1 0.055 0.014 0.027 10.8 19.9 75.6 40.5 7.626 6.533 6.015 0.021 0.02 0.02 0.599627 1.611 1.202 0.263 0.544 0.741 AGB*
1569 291.078 7.19801 43.1039 -3.96125 5.246 4.909 4.35 3.735 0.167 0.091 0.014 0.022 6.5 11.9 77.7 48.4 7.051 5.998 5.424 0.02 0.04 0.021 0.319208 1.627 1.074 0.337 0.559 0.615 AGB*
1572 206.697 -46.603 312.736 15.2125 6.58 5.876 3.87 2.952 0.041 0.025 0.014 0.019 26.2 44.3 78 56.5 9.136 7.706 6.975 0.021 0.044 0.016 0.004543 2.161 3.105 0.704 2.006 0.918 AGB*
1574 61.902 54.6868 148.832 1.99788 5.654 5.353 4.832 4.02 0.128 0.063 0.014 0.02 8.5 17.3 76.5 53.2 7.853 6.43 5.91 0.05 0.029 0.023 0.422613 1.943 1.078 0.301 0.521 0.812 AGB*
1575 276.742 -5.29318 25.4235 3.00259 6.967 6.698 6.217 5.866 0.06 0.021 0.015 0.045 18.1 51.4 71.2 23.9 9.288 8.106 7.642 0.022 0.02 0.031 0.307948 1.646 1.425 0.269 0.481 0.351 AGB*
1576 209.377 -35.899 317.662 25.0757 7.516 7.196 6.469 5.954 0.031 0.02 0.015 0.048 34.9 53.7 71.8 22.7 9.208 8.457 8.003 0.029 0.044 0.017 0.053538 1.205 1.534 0.32 0.727 0.515 AGB*
1578 318.618 48.1131 90.1245 -0.445388 4.997 4.839 4.482 3.709 0.183 0.055 0.015 0.021 5.9 19.6 71.9 50.9 7.056 5.832 5.295 0.019 0.017 0.016 0.108446 1.761 0.813 0.158 0.357 0.773 AGB*
1579 342.982 61.5978 109.217 1.95019 5.082 4.7 4.196 3.548 0.169 0.084 0.015 0.024 6.4 13 70.8 46 7.388 6.057 5.449 0.024 0.021 0.018 0.238014 1.939 1.253 0.382 0.504 0.648 AGB*
1580 218.212 -60.4856 315.109 -0.033756 7.072 6.865 6.023 4.609 0.038 0.021 0.023 0.05 28.5 52 46.4 21.6 13.304 9.91 8.195 0.026 0.027 0.029 0.287059 5.109 2.172 0.207 0.842 1.414 AGB*
1585 323.9 36.7727 84.9069 -11.251 6.214 6.176 5.363 4.488 0.085 0.028 0.016 0.023 12.7 39 68.7 46.8 7.868 6.766 6.363 0.056 0.036 0.024 0.132919 1.505 1 0.038 0.813 0.875 AGB*
1589 284.434 13.6875 45.85 4.82662 5.96 5.94 5.086 4.063 0.111 0.037 0.015 0.023 9.8 29.4 73.4 47.1 7.486 6.433 5.98 0.021 0.027 0.021 0.144403 1.506 0.894 0.02 0.854 1.023 AGB*
1591 329.391 64.953 105.826 8.02758 6.141 6.142 5.772 5.329 0.096 0.026 0.015 0.036 11.4 41 70.4 30.5 7.742 6.753 6.289 0.032 0.029 0.02 0.263821 1.453 0.517 -0.001 0.37 0.443 AGB*
1593 158.231 12.8584 229.777 54.6313 8.334 8.484 8.045 7.318 0.023 0.021 0.03 0.227 47.4 51.7 35.8 4.8 9.526 8.649 8.412 0.022 0.023 0.018 0.195994 1.114 0.367 -0.15 0.439 0.727 AGB*
1595 342.538 52.7764 105.054 -5.83359 6.869 7.169 6.848 6.626 0.04 0.02 0.016 0.065 27.2 54.8 65.8 16.7 8.651 7.599 7.173 0.02 0.021 0.017 0.10828 1.478 0.325 -0.3 0.321 0.222 AGB*
1596 291.315 18.9238 53.5514 1.38011 4.95 4.338 4.037 3.171 0.212 0.114 0.015 0.022 5.1 9.5 71.8 48.5 7.039 5.819 5.208 0.019 0.021 0.016 0.08545 1.831 1.171 0.612 0.301 0.866 AGB*
1600 282.179 14.6843 45.766 7.22815 5.551 5.103 4.589 4.015 0.101 0.072 0.016 0.022 10.8 15.1 68.5 49.6 7.048 6.027 5.55 0.02 0.017 0.018 0.177702 1.498 0.961 0.448 0.514 0.574 AGB*
1605 286.513 26.6154 58.3863 8.83412 5.872 5.863 5.407 5.012 0.14 0.049 0.016 0.029 7.7 22.1 68.8 37.6 7.268 6.335 5.945 0.027 0.029 0.023 0.312027 1.323 0.538 0.009 0.456 0.395 AGB*
1606 78.2128 -69.6306 280.548 -33.8247 9.971 8.265 5.664 4.709 0.022 0.017 0.012 0.024 48.7 64.7 90.1 45 17.811 15.681 13.362 -9999 -9999 0.033 0.044599 4.449 7.698 1.706 2.601 0.955 AGB*
1607 34.0301 68.0749 130.732 6.49507 7.38 7.361 6.267 5.305 0.037 0.021 0.015 0.037 29.3 51.9 71.6 29.1 9.123 7.972 7.601 0.024 0.034 0.018 0.115712 1.522 1.334 0.019 1.094 0.962 AGB*
1609 350.921 61.8647 112.784 0.73432 5.518 5.241 4.754 4.053 0.139 0.063 0.014 0.027 7.8 17.3 76.9 40.3 7.418 6.134 5.617 0.019 0.023 0.016 0.814749 1.801 0.863 0.277 0.487 0.701 AGB*
1610 297.211 -30.9755 9.4332 -25.0761 8.518 7.504 6.144 5.629 0.024 0.02 0.016 0.043 46.1 53.1 66.8 25.4 13.599 11.741 10.209 0.024 0.024 0.021 0.083073 3.39 4.065 1.014 1.36 0.515 AGB*
1614 79.5482 -66.1623 276.331 -34.0158 10.078 9.318 8.311 7.83 0.023 0.02 0.019 0.092 47.7 54.5 56.2 11.8 13.415 11.847 10.74 0.026 0.027 0.023 0.354641 2.675 2.429 0.76 1.007 0.481 AGB*
1617 293.265 49.5972 81.8447 14.0668 7.019 7.144 6.778 6.53 0.053 0.021 0.015 0.048 20.7 52.7 70.3 22.5 8.412 7.493 7.171 0.029 0.024 0.021 0.142089 1.241 0.393 -0.125 0.366 0.248 AGB*
1620 315.382 27.4751 72.9496 -12.3652 7.497 7.589 7.228 7.025 0.032 0.02 0.018 0.094 34.4 53.7 61.7 11.6 8.921 7.996 7.676 0.021 0.027 0.02 0.142701 1.245 0.448 -0.092 0.361 0.203 AGB*
1621 267.868 35.5632 61.1506 26.9028 8.462 8.535 8.193 7.91 0.023 0.02 0.021 0.167 47.5 55.2 52.8 6.5 9.677 8.769 8.51 0.021 0.016 0.02 0.135659 1.167 0.317 -0.073 0.342 0.283 AGB*
1623 218.114 -60.7606 314.96 -0.269874 4.91 3.967 2.829 1.384 0.1 0.118 0.013 0.016 10.8 9.2 84.4 67.7 12.813 9.599 7.599 0.023 0.024 0.02 0.2099 5.214 4.77 0.943 1.138 1.445 AGB*
1627 263.171 -4.68832 19.3993 15.163 7.282 6.863 6.183 5.61 0.036 0.02 0.016 0.048 30.4 54.8 66.6 22.8 9.402 8.389 7.883 0.027 0.065 0.042 0.179682 1.519 1.7 0.419 0.68 0.573 AGB*
1630 62.4017 25.8087 169.265 -18.7462 6.973 6.927 6.474 6.008 0.056 0.019 0.016 0.052 19.4 56.6 68 20.9 8.481 7.532 7.143 0.024 0.029 0.016 0.140473 1.338 0.669 0.046 0.453 0.466 AGB*
1632 278.019 18.7571 47.7582 12.576 6.696 6.682 6.372 5.917 0.066 0.021 0.016 0.053 16.4 50.5 68.2 20.5 8.096 7.106 6.756 0.024 0.02 0.017 0.079885 1.34 0.384 0.014 0.31 0.455 AGB*
1633 305.755 25.1387 65.7913 -6.87745 6.107 5.927 5.324 4.673 0.091 0.039 0.015 0.025 11.9 28 71.4 42.8 7.719 6.657 6.187 0.019 0.021 0.017 0.138303 1.532 0.863 0.18 0.603 0.651 AGB*
1635 287.824 19.5984 52.6133 4.6111 5.695 5.622 5.133 4.397 0.151 0.049 0.015 0.024 7.2 22.2 70.9 44.6 7.465 6.386 5.935 0.019 0.017 0.017 0.209071 1.53 0.802 0.073 0.489 0.736 AGB*
1636 317.363 -71.6539 321.697 -36.2625 8.806 8.383 7.253 6.395 0.023 0.02 0.019 0.062 46.7 53.4 58.4 17.6 10.811 10.048 9.49 0.021 0.022 0.021 0.092883 1.321 2.237 0.423 1.13 0.858 AGB*
1639 13.0539 -73.1481 302.854 -43.98 8.769 8.355 6.052 4.753 0.023 0.02 0.015 0.026 48.1 55.2 71.1 41.6 11.254 10.468 9.917 0.023 0.025 0.022 0.623424 1.337 3.865 0.414 2.303 1.299 AGB*
1644 251.122 -24.2655 355.924 13.8513 7.059 6.915 5.91 4.809 0.047 0.021 0.017 0.034 23.2 52.8 64.5 32.3 9.328 8.069 7.37 0.021 0.038 0.02 0.239848 1.958 1.46 0.144 1.005 1.101 AGB*
1645 284.002 18.4163 49.9195 7.30879 5.611 5.41 4.797 3.909 0.167 0.051 0.015 0.023 6.5 21.4 71.3 47.5 7.128 6.098 5.717 0.037 0.021 0.023 0.025309 1.411 0.92 0.201 0.613 0.888 AGB*
1647 280.852 -46.3185 349.447 -17.9528 7.457 7.224 6.604 6.009 0.033 0.021 0.016 0.042 33.1 52.1 67.8 25.6 9.036 8.275 7.833 0.021 0.067 0.02 0.174051 1.203 1.229 0.233 0.62 0.595 AGB*
1652 344.648 64.3869 111.109 4.13714 5.748 5.312 4.853 4.391 0.097 0.049 0.017 0.023 11.2 22 63.5 47 7.775 6.423 5.835 0.027 0.02 0.016 0.345092 1.94 0.982 0.436 0.459 0.462 AGB*
1653 311.33 40.6698 81.0995 -1.41106 4.698 4.498 3.653 2.433 0.262 0.079 0.014 0.022 4.1 13.8 80 48.7 6.967 5.55 4.925 0.026 0.02 0.016 0.29534 2.042 1.272 0.2 0.845 1.22 AGB*
1655 292.573 20.9891 55.9313 1.32531 4.843 4.373 3.69 3.031 0.185 0.113 0.014 0.022 5.9 9.6 76.3 49.4 7.801 6.285 5.502 0.032 0.021 0.02 0.084921 2.299 1.812 0.47 0.683 0.659 AGB*
1656 334.153 38.2569 92.3374 -15.2491 6.438 6.222 5.528 4.713 0.084 0.025 0.014 0.027 13 42.9 75.7 40.4 7.866 6.906 6.514 0.024 0.021 0.023 0.093254 1.352 0.986 0.216 0.694 0.815 AGB*
1659 194.089 -8.18731 305.037 54.6643 9.934 9.967 8.846 7.794 0.023 0.02 0.025 0.151 46.7 55.1 43.7 7.2 11.317 10.426 9.994 0.024 0.024 0.021 0.171568 1.323 1.148 -0.033 1.121 1.052 AGB*
1662 129.958 -40.2637 260.136 0.839777 4.514 4.192 3.645 2.651 0.252 0.118 0.015 0.021 4.3 9.2 74.1 51.8 7.085 5.624 4.859 0.021 0.02 0.018 0.194901 2.226 1.214 0.322 0.547 0.994 AGB*
1663 316.184 41.6111 84.179 -3.59843 5.943 5.489 4.635 3.917 0.106 0.05 0.015 0.025 10.3 21.6 72.8 43.6 8.861 7.63 6.917 0.023 0.016 0.016 0.295164 1.944 2.282 0.454 0.854 0.718 AGB*
1670 74.6598 10.7615 189.354 -19.1487 7.082 7.112 6.74 6.4 0.052 0.021 0.017 0.062 20.9 52.1 62.6 17.5 8.498 7.473 7.133 0.065 0.046 0.023 0.139307 1.365 0.393 -0.03 0.372 0.34 AGB*
1673 310.12 -12.2045 33.9863 -29.6584 7.959 7.682 6.77 5.996 0.023 0.021 0.015 0.058 47 52.5 70.9 18.7 9.512 8.622 8.232 0.022 0.047 0.036 0.273611 1.28 1.462 0.277 0.912 0.774 AGB*
1675 106.377 15.7781 200.31 10.1679 7.759 7.809 7.365 7.126 0.029 0.02 0.018 0.12 36.9 55.6 59.5 9 9.126 8.213 7.881 0.032 0.076 0.024 0.065911 1.245 0.516 -0.05 0.444 0.239 AGB*
1676 284.107 12.3852 44.5397 4.5238 5.589 5.495 4.818 3.908 0.124 0.046 0.014 0.025 8.7 23.4 75 42.8 7.082 6.061 5.614 0.019 0.021 0.016 0.39621 1.468 0.796 0.094 0.677 0.91 AGB*
1677 22.2487 69.1127 126.288 6.48615 6.192 5.98 5.151 4.451 0.041 0.039 0.014 0.026 26.5 28.1 76.6 42.2 8.243 7.197 6.635 0.018 0.049 0.015 0.325198 1.608 1.484 0.212 0.829 0.7 AGB*
1678 298.248 -3.47969 36.9002 -15.2726 7.062 6.843 6.148 5.539 0.038 0.02 0.016 0.042 28.3 54.3 67 25.8 8.595 7.584 7.184 0.024 0.036 0.031 0.149665 1.411 1.036 0.219 0.695 0.609 AGB*
1679 39.1876 37.675 144.965 -20.6499 7.757 7.69 7.189 6.66 0.029 0.024 0.019 0.073 37.8 45.6 58.2 14.9 9.061 8.112 7.805 0.02 0.017 0.017 0.149586 1.256 0.616 0.067 0.501 0.529 AGB*
1681 218.436 -60.9376 315.038 -0.493362 6.733 6.608 5.431 4.3 0.087 0.023 0.016 0.029 12.5 47 69 37.7 10.523 8.433 7.354 0.021 0.042 0.02 0.24345 3.169 1.923 0.125 1.177 1.131 AGB*
1682 79.5075 -65.9867 276.125 -34.0612 10.308 9.14 7.286 7.019 0.023 0.02 0.017 0.051 46.6 55.1 64.6 21.1 14.635 12.761 11.304 0.032 0.03 0.023 0.215794 3.331 4.018 1.168 1.854 0.267 AGB*
1686 109.507 20.447 197.241 14.8229 7.862 7.81 7.274 6.635 0.028 0.02 0.018 0.074 39.1 55.7 59.6 14.7 9.323 8.35 7.996 0.022 0.026 0.024 0.077061 1.327 0.722 0.052 0.536 0.639 AGB*
1687 300.071 -27.0937 14.3904 -26.2396 6.604 6.187 5.471 4.803 0.07 0.026 0.015 0.035 15.6 41.6 73.4 30.7 9.073 8.311 7.83 0.019 0.027 0.02 0.351338 1.243 2.359 0.417 0.716 0.668 AGB*
1689 97.8808 -5.19624 215.31 -6.78918 6.775 6.775 6.251 5.736 0.073 0.021 0.016 0.039 14.9 52.3 67.8 28.1 8.415 7.38 6.926 0.026 0.04 0.017 0.161944 1.489 0.675 0 0.524 0.515 AGB*
1690 75.7568 69.2757 142.106 16.4392 7.342 7.122 6.253 5.717 0.039 0.02 0.015 0.05 28.1 54.4 74.4 21.8 9.271 8.465 8.05 0.023 0.04 0.021 0.101799 1.221 1.797 0.22 0.869 0.536 AGB*
1692 80.8713 62.4967 149.184 14.5111 7.783 7.808 7.441 7.25 0.026 0.02 0.019 0.092 41.7 54.1 56.6 11.8 9.374 8.384 7.959 0.023 0.029 0.024 0.207052 1.415 0.518 -0.025 0.367 0.191 AGB*
1697 58.6073 60.6555 143.575 5.34351 5.456 5.311 4.614 3.658 0.17 0.061 0.015 0.022 6.4 17.9 73.8 49.8 7.215 6.076 5.624 0.021 0.038 0.021 0.085863 1.591 1.01 0.145 0.697 0.956 AGB*
1701 279.697 74.102 105.076 26.8718 7.578 7.559 6.963 6.389 0.031 0.02 0.015 0.043 35.5 54.2 70.2 25.3 8.972 8.063 7.722 0.021 0.023 0.021 0.384029 1.25 0.759 0.019 0.596 0.574 AGB*
1703 293.55 -4.81288 33.4944 -11.6986 5.732 5.562 4.569 3.466 0.16 0.056 0.015 0.023 6.8 19.5 71.4 47.5 7.306 6.303 5.843 0.021 0.031 0.023 0.122484 1.463 1.274 0.17 0.993 1.103 AGB*
1708 291.923 -32.5476 6.25394 -21.3155 7.463 7.135 6.027 5.334 0.032 0.019 0.014 0.038 34 56.4 75.5 28.4 9.023 8.242 7.911 0.024 0.023 0.026 0.147964 1.112 1.884 0.328 1.108 0.693 AGB*
1709 285.137 3.02018 36.6583 -0.647223 5.651 5.551 4.404 3.095 0.097 0.046 0.015 0.029 11.2 23.5 74 38 9.515 7.391 6.442 0.024 0.029 0.02 0.328059 3.073 2.038 0.1 1.147 1.309 AGB*
1711 283.184 -31.3542 4.57614 -13.9789 8.337 7.315 6.103 5.583 0.023 0.02 0.016 0.041 48.2 55.1 68.9 26.5 12.045 10.367 9.048 0.022 0.022 0.019 0.166518 2.997 2.945 1.022 1.212 0.52 AGB*
1714 17.2602 57.0253 125.338 -5.76408 6.771 6.83 6.321 5.553 0.064 0.02 0.015 0.044 16.8 53.4 71.2 24.8 8.407 7.438 6.986 0.024 0.016 0.026 0.21783 1.421 0.665 -0.059 0.509 0.768 AGB*
1715 255.219 -2.47664 17.1704 23.1285 6.587 6.181 5.034 4.204 0.087 0.037 0.015 0.031 12.5 29.7 74.3 34.5 9.151 8.24 7.662 0.032 0.038 0.026 0.147718 1.489 2.628 0.406 1.147 0.83 AGB*
1717 289.231 -32.808 5.17027 -19.2732 8.439 7.736 7.302 7.078 0.023 0.021 0.019 0.155 46.9 51.7 58.4 7 12.118 10.643 9.513 0.026 0.023 0.021 0.237177 2.605 2.211 0.703 0.434 0.224 AGB*
1721 302.463 17.0504 57.2617 -8.72943 6.409 6.32 4.369 3.245 0.08 0.024 0.015 0.024 13.5 44.4 71.5 45.9 7.867 6.934 6.549 0.024 0.027 0.017 0.139761 1.318 2.18 0.089 1.951 1.124 AGB*
1724 322.897 27.6374 77.6959 -17.1981 8.33 8.398 8.031 7.705 0.024 0.02 0.02 0.152 45.6 53.4 54.3 7.2 9.623 8.684 8.401 0.021 0.024 0.017 0.137627 1.222 0.37 -0.068 0.367 0.326 AGB*
1725 277.723 22.0309 50.7077 14.1762 6.864 6.812 6.131 5.377 0.038 0.02 0.015 0.033 28.8 55.2 71.6 33.1 8.256 7.32 6.942 0.024 0.017 0.02 0.133221 1.314 0.811 0.052 0.681 0.754 AGB*
1726 23.3412 67.3029 126.971 4.76065 5.976 5.688 4.964 4.145 0.111 0.052 0.014 0.027 9.8 20.9 75.3 40.6 7.762 6.588 6.145 0.03 0.033 0.02 0.473932 1.617 1.181 0.288 0.724 0.819 AGB*
1729 101.627 47.4724 168.501 18.8506 8.174 8.127 7.645 7.27 0.023 0.019 0.02 0.116 47.1 56.6 54.6 9.4 9.616 8.642 8.32 0.022 0.024 0.018 0.209945 1.296 0.675 0.047 0.482 0.375 AGB*
1730 322.875 35.4627 83.3731 -11.6274 7.964 8.048 7.739 7.511 0.024 0.021 0.018 0.123 44.4 52.9 61.8 8.8 9.242 8.304 8.002 0.034 0.016 0.015 0.088639 1.24 0.263 -0.084 0.309 0.228 AGB*
1731 269.141 -5.29497 21.8306 9.6761 6.763 6.625 6.131 5.589 0.066 0.021 0.015 0.045 16.5 52.5 70 24.3 8.555 7.459 6.994 0.02 0.036 0.02 0.260362 1.561 0.863 0.138 0.494 0.542 AGB*
1735 266.114 -29.635 359.271 -0.148224 7.286 5.837 4.14 2.257 0.038 0.04 0.021 0.03 28.5 26.8 52.1 35.9 17.115 12.577 9.565 -9999 -9999 0.037 0.26248 7.55 5.425 1.449 1.697 1.883 AGB*
1736 82.0169 -69.8857 280.536 -32.4843 9.084 7.682 5.685 4.596 0.022 0.02 0.014 0.021 49.8 55.4 79.6 51.8 14.041 13.45 11.56 -9999 0.039 0.054 0.19972 2.481 5.875 1.402 1.997 1.089 AGB*
1739 81.8097 51.5966 158.89 9.13506 8.141 8.19 7.806 7.46 0.023 0.021 0.02 0.151 48 51.1 53.4 7.2 9.696 8.677 8.339 0.021 0.02 0.022 0.076345 1.357 0.533 -0.049 0.384 0.346 AGB*
1745 309.222 41.2503 80.5825 0.202097 6.155 5.334 4.054 2.636 0.048 0.059 0.014 0.028 22.7 18.4 76.3 39.4 10.072 8.089 7.176 0.023 0.021 0.018 0.15206 2.896 3.122 0.821 1.28 1.418 AGB*
1748 98.9688 -3.13758 213.957 -4.89068 5.141 4.533 3.772 3.121 0.197 0.139 0.015 0.022 5.5 7.8 71.8 48.3 7.169 6.008 5.406 0.027 0.034 0.021 0.816541 1.763 1.634 0.608 0.761 0.651 AGB*
1750 266.417 -29.2673 359.723 -0.181042 7.146 5.716 4.181 2.63 0.042 0.038 0.024 0.163 25.6 28.3 44.3 6.7 14.56 10.657 8.391 0.064 -9999 -9999 0.313987 6.169 4.21 1.43 1.535 1.551 AGB*
1755 13.3102 66.8087 123.11 3.93769 5.324 4.976 4.259 3.392 0.179 0.096 0.015 0.021 6.1 11.3 73 52.8 7.146 5.954 5.406 0.026 0.04 0.017 0.11448 1.74 1.147 0.348 0.717 0.867 AGB*
1760 68.3621 30.9355 169.084 -11.4169 7.785 7.593 6.952 6.484 0.027 0.019 0.016 0.06 40.6 56.9 67.2 18.1 9.524 8.524 8.121 0.021 0.021 0.018 0.052694 1.403 1.169 0.192 0.641 0.468 AGB*
1761 352.744 63.1429 113.99 1.67666 4.816 4.559 4.068 3.301 0.225 0.105 0.015 0.023 4.8 10.4 71.8 46.7 7.05 5.75 5.234 0.023 0.02 0.021 0.097741 1.816 1.166 0.257 0.491 0.767 AGB*
1762 287.559 11.4025 45.207 1.07019 5.099 4.85 4.021 2.873 0.18 0.082 0.016 0.021 6 13.2 67.4 50.9 7.553 6.15 5.471 0.027 0.026 0.018 0.236855 2.082 1.45 0.249 0.829 1.148 AGB*
1766 71.2699 51.417 155.099 3.76705 6.84 6.814 6.48 6.097 0.062 0.02 0.015 0.054 17.4 54.5 74.5 20.1 8.638 7.517 7.031 0.029 0.038 0.016 0.192799 1.607 0.551 0.026 0.334 0.383 AGB*
1767 316.651 42.8546 85.3358 -3.02259 6.147 5.865 5.345 4.609 0.086 0.039 0.014 0.029 12.6 27.6 76.9 37.5 7.928 6.826 6.308 0.021 0.034 0.021 0.092042 1.62 0.963 0.282 0.52 0.736 AGB*
1770 83.2334 -70.7053 281.414 -31.9477 9.039 8.421 7.235 6.991 0.022 0.02 0.016 0.061 48.4 54.1 67.8 17.9 12.518 11.095 10.044 0.023 0.021 0.019 0.371189 2.474 2.809 0.618 1.186 0.244 AGB*
1771 286.53 7.39838 41.1853 0.126807 4.087 3.662 3.302 2.415 0.307 0.237 0.014 0.021 3.5 4.6 78.9 51.1 6.722 5.258 4.591 0.021 0.021 0.034 0.716027 2.131 1.289 0.425 0.36 0.887 AGB*
1772 265.614 -29.905 358.814 0.079636 7.305 6.337 5.252 3.675 0.054 0.028 0.028 0.044 20.2 39.5 38.2 24.8 13.263 10.009 8.173 0.04 0.028 0.016 0.372203 5.09 2.921 0.968 1.085 1.577 AGB*
1777 294.432 -24.2556 15.3971 -20.4931 7.913 7.578 6.778 6.204 0.024 0.018 0.016 0.053 44.8 58.8 67.3 20.6 9.472 8.591 8.126 0.022 0.034 0.02 0.213115 1.346 1.348 0.335 0.8 0.574 AGB*
1780 292.094 10.0807 46.1258 -3.48611 5.314 5.1 4.659 3.91 0.167 0.083 0.015 0.025 6.5 13.1 71.4 44.3 7.11 5.983 5.468 0.023 0.042 0.024 0.262118 1.642 0.809 0.214 0.441 0.749 AGB*
1784 332.466 50.6135 98.573 -4.45589 5.861 5.708 4.307 3.081 0.148 0.046 0.015 0.02 7.3 23.4 71.8 54.9 7.362 6.328 5.885 0.02 0.018 0.017 0.270022 1.477 1.578 0.153 1.401 1.226 AGB*
1787 297.226 29.8878 65.7464 2.04972 6.861 6.775 6.026 5.336 0.056 0.02 0.015 0.032 19.2 53.7 72 33.5 9.012 7.753 7.162 0.039 0.034 0.018 0.236637 1.85 1.136 0.086 0.749 0.69 AGB*
1788 313.46 13.3702 60.1998 -19.5921 6.901 6.951 6.558 6.219 0.07 0.021 0.016 0.053 15.6 52.4 68.8 20.3 8.198 7.324 7.033 0.018 0.023 0.017 0.131912 1.165 0.475 -0.05 0.393 0.339 AGB*
1789 25.0752 70.3095 127.059 7.83033 6.796 6.829 6.497 6.241 0.072 0.022 0.016 0.051 15.1 49.2 67.4 21.3 8.399 7.339 6.91 0.039 0.049 0.023 0.056664 1.489 0.413 -0.033 0.332 0.256 AGB*
1791 95.5826 7.01705 203.359 -3.22051 7.519 7.509 6.988 6.602 0.033 0.019 0.018 0.088 33.2 57.8 60 12.3 9.374 8.263 7.843 0.026 0.031 0.021 0.168499 1.531 0.855 0.01 0.521 0.386 AGB*
1793 282.963 9.34124 41.3069 4.1536 5.179 4.717 3.881 3.262 0.137 0.113 0.014 0.019 7.9 9.6 75.6 57 7.087 5.924 5.354 0.021 0.031 0.02 0.221931 1.733 1.473 0.462 0.836 0.619 AGB*
1795 283.859 25.6361 56.4467 10.5614 6.384 6.311 5.643 4.817 0.067 0.023 0.015 0.026 16.1 48 70.9 41.9 7.789 6.869 6.509 0.024 0.04 0.016 0.225536 1.28 0.866 0.073 0.668 0.826 AGB*
1797 273.539 24.9452 51.9496 18.8447 7.485 7.584 7.167 6.906 0.034 0.019 0.016 0.079 32.3 56.7 68.3 13.8 8.894 7.953 7.63 0.021 0.02 0.023 0.071459 1.264 0.463 -0.099 0.417 0.261 AGB*
1802 218.058 -60.5249 315.024 -0.04139 8.976 8.595 7.89 7.164 0.117 0.021 0.035 0.107 9.2 52.1 30.7 10.1 16.096 12.182 10.247 0.127 0.03 0.023 0.092551 5.849 2.357 0.381 0.705 0.726 AGB*
1803 84.5708 -67.6499 277.773 -31.8657 9.339 8.958 8.207 7.913 0.022 0.019 0.018 0.103 48.5 56 58.8 10.6 12.416 11.04 10.218 0.026 0.029 0.025 0.052017 2.198 2.011 0.381 0.751 0.294 AGB*
1804 279.081 3.70895 34.5189 5.0498 3.975 3.387 2.281 1.559 0.307 0.208 0.016 0.019 3.5 5.2 68.7 58.1 6.287 4.981 4.238 0.02 0.021 0.026 0.379186 2.049 1.957 0.588 1.106 0.722 AGB*
1807 85.3393 -66.5059 276.402 -31.6676 10.204 9.285 8.016 7.769 0.023 0.02 0.017 0.094 47.2 55.3 64.2 11.5 13.587 11.945 10.688 0.024 0.026 0.023 0.093029 2.899 2.672 0.919 1.269 0.247 AGB*
1810 85.3519 -69.3032 279.67 -31.4114 8.078 7.207 5.69 4.883 0.023 0.019 0.012 0.024 48.1 57.5 92.4 44.4 10.196 9.418 8.933 0.02 0.028 0.023 0.502678 1.263 3.243 0.871 1.517 0.807 AGB*
1814 307.196 2.98363 47.3526 -20.0306 9.824 9.511 8.395 7.508 0.023 0.02 0.028 0.141 48 53.5 39.1 7.7 11.449 10.607 10.198 0.022 0.025 0.023 0.128364 1.251 1.803 0.313 1.116 0.887 AGB*
1816 3.13327 69.8211 119.564 7.20423 6.853 6.802 6.484 6.138 0.071 0.02 0.016 0.05 15.3 54.9 68.8 21.8 8.559 7.367 7.035 0.026 0.027 0.02 0.217608 1.524 0.551 0.051 0.318 0.346 AGB*
1817 91.7834 32.9405 178.839 5.99609 5.694 5.447 4.931 4.343 0.125 0.057 0.016 0.027 8.7 19.2 69 40.6 7.426 6.377 5.911 0.024 0.024 0.023 0.78031 1.515 0.98 0.247 0.516 0.588 AGB*
1818 313.561 41.3064 82.6592 -2.31267 6.005 5.672 5.03 4.285 0.104 0.046 0.016 0.036 10.4 23.7 69.1 30 9.142 7.488 6.653 0.022 0.016 0.02 0.114404 2.489 1.623 0.333 0.642 0.745 AGB*
1819 80.3166 -69.0621 279.696 -33.2164 11.057 11.148 9.866 7.858 0.023 0.021 0.045 0.132 48 52.8 24.1 8.2 12.48 11.541 11.226 0.021 0.025 0.023 0.253881 1.254 1.36 -0.091 1.282 2.008 AGB*
1820 301.171 56.211 90.1343 12.9123 6.691 6.781 6.198 5.566 0.069 0.021 0.015 0.032 15.8 51.2 70.6 34.5 8.255 7.252 6.827 0.02 0.026 0.02 0.187541 1.428 0.629 -0.09 0.583 0.632 AGB*
1822 317.68 61.9719 99.9126 9.42208 6.042 5.84 5.254 4.539 0.113 0.048 0.015 0.025 9.6 22.8 73.2 43.8 7.86 6.701 6.161 0.019 0.047 0.017 0.160605 1.699 0.907 0.202 0.586 0.715 AGB*
1824 89.6368 40.2626 171.538 8.01057 7.184 7.151 6.442 5.7 0.048 0.021 0.016 0.039 22.8 51.6 70 27.9 8.751 7.744 7.372 0.023 0.016 0.02 0.032586 1.379 0.93 0.033 0.709 0.742 AGB*
1827 217.999 -60.4796 315.015 0.011613 8.52 8.078 7.761 7.171 0.022 0.02 0.065 0.19 49.6 55.5 16.8 5.7 15.602 11.798 9.906 0.064 0.023 0.022 0.483465 5.696 2.145 0.442 0.317 0.59 AGB*
1828 289.225 43.5034 74.9437 14.0238 6.888 6.969 6.602 6.109 0.059 0.02 0.015 0.041 18.5 53.5 71.5 26.7 8.174 7.285 6.967 0.023 0.02 0.018 0.152566 1.207 0.365 -0.081 0.367 0.493 AGB*
1836 92.3483 23.34 187.516 1.80991 5.446 5.21 4.497 3.596 0.173 0.076 0.014 0.021 6.3 14.3 76.8 52.1 7.122 6.099 5.61 0.021 0.029 0.017 0.038817 1.512 1.113 0.236 0.713 0.901 AGB*
1837 317.866 24.3807 72.0017 -16.0693 5.777 5.799 5.138 4.397 0.158 0.047 0.015 0.03 6.9 23 73.4 36.8 7.238 6.369 5.889 0.021 0.051 0.017 0.137486 1.349 0.751 -0.022 0.661 0.741 AGB*
1841 291.763 20.6188 55.2441 1.81372 6.22 6.001 5.549 4.954 0.068 0.032 0.015 0.032 16.1 33.9 73.2 34.2 8.624 7.279 6.655 0.024 0.047 0.024 0.197425 1.969 1.106 0.219 0.452 0.595 AGB*
1845 280.392 -2.41272 29.6592 1.09344 7.451 7.354 6.827 6.306 0.023 0.018 0.017 0.054 47.3 59.1 62.1 19.9 10.343 8.805 8.065 0.022 0.022 0.031 0.089836 2.278 1.238 0.097 0.527 0.521 AGB*
1846 319.453 36.4824 82.1259 -8.9437 7.672 7.781 7.477 7.293 0.03 0.02 0.018 0.111 36.8 55.2 60.7 9.7 9.076 8.122 7.84 0.024 0.024 0.013 0.175837 1.236 0.363 -0.109 0.304 0.184 AGB*
1847 74.0097 -65.6169 276.258 -36.3415 9.848 9.094 8.177 7.68 0.023 0.02 0.02 0.103 47.1 53.4 54.8 10.6 13.868 12.364 11.045 0.026 0.026 0.021 0.122865 2.823 2.868 0.754 0.917 0.497 AGB*
1849 305.938 12.2553 54.9517 -14.1301 7.565 7.507 6.836 6.175 0.031 0.02 0.017 0.057 35.1 55.5 62.5 19 9.121 8.198 7.867 0.026 0.023 0.018 0.151701 1.254 1.031 0.058 0.671 0.661 AGB*
1850 316.712 38.0295 81.7752 -6.29253 7.798 7.967 7.436 7.108 0.027 0.02 0.017 0.075 40.5 53.8 65.5 14.5 9.513 8.47 8.104 0.021 0.017 0.013 0.34164 1.409 0.668 -0.169 0.531 0.328 AGB*
1855 93.664 37.6098 175.394 9.53281 7.889 7.845 7.482 7.163 0.026 0.02 0.02 0.113 42.3 53.4 55.4 9.6 9.407 8.479 8.147 0.023 0.063 0.02 0.070223 1.26 0.665 0.044 0.363 0.319 AGB*
1857 79.5377 -65.0032 274.95 -34.2052 9.332 8.473 7.251 6.928 0.023 0.02 0.016 0.046 46.6 54.7 67.6 23.8 13.738 12.061 10.734 0.028 0.023 0.021 0.345087 3.004 3.483 0.859 1.222 0.323 AGB*
1858 101.543 11.5965 202 4.10804 7.959 7.726 7.26 6.865 0.022 0.02 0.018 0.092 48.9 54.3 61.2 11.9 9.567 8.549 8.084 0.022 0.04 0.023 0.202672 1.483 0.824 0.233 0.466 0.395 AGB*
1859 321.615 21.8885 72.4397 -20.3027 8.27 7.991 7.322 6.806 0.023 0.02 0.017 0.074 47.9 55.1 63.4 14.6 10.058 9.272 8.786 0.027 0.03 0.018 0.172418 1.272 1.464 0.279 0.669 0.516 AGB*
1862 316.246 11.4902 60.2792 -22.8988 6.946 6.805 5.625 4.815 0.037 0.02 0.014 0.028 29 54.6 76.2 39.4 8.811 7.918 7.506 0.026 0.051 0.018 0.138903 1.305 1.881 0.141 1.18 0.81 AGB*
1864 302.92 24.3522 63.6995 -5.16922 5.691 5.497 5.065 4.522 0.084 0.052 0.014 0.026 12.9 20.8 76.3 41.3 7.564 6.483 5.99 0.021 0.015 0.021 0.659843 1.574 0.925 0.194 0.432 0.543 AGB*
1865 281.715 -28.7636 6.47021 -11.7612 8.062 6.807 5.046 4.538 0.027 0.026 0.016 0.034 39.9 41.6 70 31.9 13.06 11.123 9.599 0.024 0.023 0.023 0.105254 3.461 4.553 1.255 1.761 0.508 AGB*
1867 275.544 -5.09392 25.0453 4.15121 6.244 5.91 3.623 2.596 0.084 0.043 0.014 0.019 12.9 25.4 79.3 57 8.079 6.87 6.365 0.029 0.051 0.023 0.090082 1.714 2.742 0.334 2.287 1.027 AGB*
1874 312.146 44.4574 84.4282 0.493734 7.665 7.649 7.285 6.305 0.025 0.02 0.025 0.078 43.5 55.2 43 14 10.83 8.944 8.126 0.021 0.026 0.021 0.387015 2.704 0.841 0.016 0.364 0.98 AGB*
1877 4.674 66.1127 119.621 3.45173 5.87 5.312 4.236 3.549 0.105 0.06 0.014 0.02 10.4 18.1 77.4 55.6 8.336 6.849 6.088 0.029 0.044 0.018 0.384571 2.248 1.852 0.558 1.076 0.687 AGB*
